,Time,Frame,EyeTrackingEnabled,EyeCalibrationValid,EyeTrackingEnabledAndValid,EyeTrackingDataValid,GazeInputSource,EyeGazeOrigin.x,EyeGazeOrigin.y,EyeGazeOrigin.z,EyeGazeDirection.x,EyeGazeDirection.y,EyeGazeDirection.z,EyeHitInfo.distance,EyeHitPosition.x,EyeHitPosition.y,EyeHitPosition.z,EyeHitNormal.x,EyeHitNormal.y,EyeHitNormal.z,LocalEyeHitPosition.x,LocalEyeHitPosition.y,LocalEyeHitPosition.z,HeadGazeOrigin.x,HeadGazeOrigin.y,HeadGazeOrigin.z,HeadRotation.x,HeadRotation.y,HeadRotation.z,HeadRotation.w,HeadEulerAngles.x,HeadEulerAngles.y,HeadEulerAngles.z,HeadMovementDirection.x,HeadMovementDirection.y,HeadMovementDirection.z,HeadVelocity.x,HeadVelocity.y,HeadVelocity.z,transform.position.x,transform.position.y,transform.position.z,localTransform.position.x,localTransform.position.y,localTransform.position.z,localXAxis.x,localXAxis.y,localXAxis.z,localYAxis.x,localYAxis.y,localYAxis.z,localZAxis.x,localZAxis.y,localZAxis.z,Movement,GazeAngleX,GazeAngleY,TargetAngleX,TargetAngleY
301,05/05/2023 15:39:41.463425,508,True,True,True,True,Eyes,0.7521106,-0.02966414,-3.413527,0.6368101,-0.3772733,0.6724119,0.0,0.0,0.0,0.0,0.0,0.0,0.0,-2.987811,0.6274918,1.494103,0.5581427,-0.02620705,-3.352745,0.1859886,0.4264115,-0.1051821,0.8789301,24.62287,51.39897,358.3434,0.236831,-0.008471725,-0.9715136,0.0,0.0,0.0,1.624057,-0.5361391,-2.581104,0.08653635,0.01948979,1.324212,0.6142199,-0.02628017,-0.7886972,0.3435108,0.90869,0.2372402,0.7104464,-0.4166436,0.567163,static,43.44233,-29.29568,3.738923,0.8432202
302,05/05/2023 15:39:41.478933,509,True,True,True,True,Eyes,0.7440832,-0.02967378,-3.410378,0.6420373,-0.3767001,0.6677462,0.0,0.0,0.0,0.0,0.0,0.0,0.0,-2.989245,0.624419,1.479922,0.5524554,-0.02644561,-3.348096,0.1862997,0.4287165,-0.1057782,0.8776706,24.69055,51.71028,358.3641,0.2346694,-0.008473371,-0.9720379,0.0,0.0,0.0,1.624057,-0.5361391,-2.581104,0.08947539,0.02385935,1.329276,0.6100262,-0.02593726,-0.7919566,0.3454162,0.9082068,0.2363217,0.7131308,-0.4177171,0.5629892,static,43.87552,-29.42894,3.85085,1.028299
303,05/05/2023 15:39:41.493408,510,True,True,True,True,Eyes,0.7361624,-0.02969207,-3.407164,0.6472111,-0.3760118,0.6631236,0.0,0.0,0.0,0.0,0.0,0.0,0.0,-2.991273,0.6147351,1.466956,0.5471495,-0.0265574,-3.343276,0.1852483,0.4312631,-0.1061174,0.876604,24.6017,52.03066,358.3447,0.2325237,-0.008476294,-0.9725534,0.0,0.0,0.0,1.624057,-0.5361391,-2.581104,0.09193945,0.03067139,1.333993,0.6055025,-0.02626443,-0.79541,0.3458274,0.9088444,0.2332497,0.7167777,-0.4163078,0.5593904,static,44.30424,-29.55459,3.942619,1.317122
304,05/05/2023 15:39:41.513183,511,True,True,True,True,Eyes,0.7283733,-0.02971007,-3.403911,0.6522266,-0.3753176,0.6585872,0.0,0.0,0.0,0.0,0.0,0.0,0.0,-2.992916,0.6019083,1.455931,0.5417291,-0.02681606,-3.338471,0.1832598,0.4338288,-0.1060868,0.8757592,24.39532,52.34066,358.3133,0.2303943,-0.008480622,-0.9730601,0.0,0.0,0.0,1.624057,-0.5361391,-2.581104,0.09506267,0.02797329,1.33863,0.6010763,-0.02680613,-0.798742,0.3448197,0.9103228,0.2289359,0.7209763,-0.4130299,0.5564168,static,44.72198,-29.67808,4.062036,1.197133
305,05/05/2023 15:39:41.532650,512,True,True,True,True,Eyes,0.7206932,-0.0297381,-3.400572,0.6572,-0.3744559,0.6541185,0.0,0.0,0.0,0.0,0.0,0.0,0.0,-2.994634,0.5899269,1.443525,0.5363462,-0.0268127,-3.333351,0.1821295,0.4363168,-0.1069044,0.8746589,24.32365,52.64336,358.2343,0.2282834,-0.008486208,-0.9735574,0.0,0.0,0.0,1.624057,-0.5361391,-2.581104,0.09587163,0.03203255,1.343464,0.5963984,-0.02807749,-0.8021975,0.345942,0.9108006,0.225314,0.7243158,-0.4118907,0.5529131,static,45.13464,-29.78936,4.081793,1.365858
306,05/05/2023 15:39:41.543288,513,True,True,True,True,Eyes,0.7131259,-0.02979109,-3.397179,0.6620722,-0.3734962,0.6497391,0.0,0.0,0.0,0.0,0.0,0.0,0.0,-2.995136,0.5735101,1.434682,0.531231,-0.02712899,-3.327931,0.1793358,0.4387175,-0.1067791,0.8740503,24.02835,52.91613,358.1613,0.2261917,-0.008493234,-0.9740455,0.0,0.0,0.0,1.624057,-0.5361391,-2.581104,0.09603828,0.03803322,1.347974,0.5922505,-0.02930506,-0.8052208,0.344016,0.9128739,0.2198053,0.7286236,-0.4071886,0.5507314,static,45.53865,-29.89202,4.07523,1.616177
307,05/05/2023 15:39:41.562814,514,True,True,True,True,Eyes,0.7056641,-0.02985605,-3.393701,0.6668689,-0.3724986,0.6453919,0.0,0.0,0.0,0.0,0.0,0.0,0.0,-2.994534,0.5607998,1.426903,0.5259556,-0.02780055,-3.322707,0.176986,0.4408003,-0.1065288,0.8735116,23.77303,53.15731,358.1166,0.2241204,-0.008502284,-0.9745241,0.0,0.0,0.0,1.624057,-0.5361391,-2.581104,0.09853631,0.04255953,1.352524,0.5886934,-0.03007723,-0.8077966,0.3421392,0.9146551,0.2152829,0.7323802,-0.4031145,0.5487421,static,45.93764,-29.99211,4.166846,1.802318
308,05/05/2023 15:39:41.579249,515,True,True,True,True,Eyes,0.6983399,-0.02993891,-3.390161,0.6715472,-0.3714882,0.6411092,0.0,0.0,0.0,0.0,0.0,0.0,0.0,-2.9953,0.5471902,1.415863,0.5209881,-0.02817345,-3.31718,0.1754441,0.4430991,-0.1073612,0.8725573,23.66031,53.42661,358.0054,0.2220699,-0.00851352,-0.9749933,0.0,0.0,0.0,1.624057,-0.5361391,-2.581104,0.1023778,0.05027086,1.356679,0.5842736,-0.03187928,-0.8109304,0.3428358,0.9153858,0.2110268,0.7355868,-0.4013133,0.5457652,static,46.32834,-30.08998,4.315479,2.122087
309,05/05/2023 15:39:41.593081,516,True,True,True,True,Eyes,0.6911162,-0.03005819,-3.386531,0.6762167,-0.370325,0.6368598,0.0,0.0,0.0,0.0,0.0,0.0,0.0,-2.997349,0.5276018,1.403569,0.516348,-0.02868669,-3.311349,0.1725595,0.4459381,-0.1077877,0.8716331,23.38768,53.75022,357.877,0.2200419,-0.008527251,-0.9754528,0.0,0.0,0.0,1.624057,-0.5361391,-2.581104,0.108718,0.05693331,1.360394,0.579042,-0.03400088,-0.8145884,0.3418044,0.91721,0.204684,0.7401893,-0.3969505,0.5427248,static,46.71681,-30.1774,4.569173,2.396465
310,05/05/2023 15:39:41.613706,517,True,True,True,True,Eyes,0.6840131,-0.03020656,-3.382828,0.6807446,-0.3692558,0.6326428,0.0,0.0,0.0,0.0,0.0,0.0,0.0,-2.998677,0.5101838,1.391618,0.5114866,-0.02972619,-3.305518,0.1696442,0.4486977,-0.1078203,0.8707848,23.09174,54.0699,357.7859,0.2180367,-0.008544312,-0.9759029,0.0,0.0,0.0,1.624057,-0.5361391,-2.581104,0.1132963,0.06171024,1.36379,0.5740904,-0.03553861,-0.8180203,0.3400144,0.9191912,0.1986898,0.7448561,-0.3922046,0.5397825,static,47.09748,-30.27091,4.74892,2.590814
311,05/05/2023 15:39:41.622930,518,True,True,True,True,Eyes,0.6770217,-0.03038228,-3.379019,0.6852531,-0.3680893,0.6284412,0.0,0.0,0.0,0.0,0.0,0.0,0.0,-2.999275,0.4950603,1.379406,0.5067418,-0.03056284,-3.29936,0.1677976,0.451144,-0.1086932,0.8697695,22.95221,54.35487,357.6552,0.2160551,-0.008565233,-0.9763433,0.0,0.0,0.0,1.624057,-0.5361391,-2.581104,0.1137857,0.0677,1.367179,0.5693097,-0.03767427,-0.8212596,0.3404779,0.9200595,0.1938179,0.7483057,-0.3899631,0.5366261,static,47.47626,-30.35827,4.757572,2.834858
312,05/05/2023 15:39:41.642985,519,True,True,True,True,Eyes,0.6701365,-0.03059734,-3.37511,0.6897473,-0.3669041,0.6242034,0.0,0.0,0.0,0.0,0.0,0.0,0.0,-3.000459,0.4783274,1.3658,0.5023924,-0.0314279,-3.292959,0.1654167,0.4538816,-0.1091672,0.8687412,22.73731,54.67661,357.5443,0.2140986,-0.008590449,-0.976774,0.0,0.0,0.0,1.624057,-0.5361391,-2.581104,0.1100224,0.07179612,1.3706,0.564148,-0.03951694,-0.8247275,0.3398354,0.9214396,0.1883106,0.7524951,-0.3865067,0.5332576,static,47.85572,-30.44683,4.589473,2.998583
313,05/05/2023 15:39:41.663254,520,True,True,True,True,Eyes,0.6633576,-0.03084176,-3.371099,0.6942199,-0.3657007,0.6199368,0.0,0.0,0.0,0.0,0.0,0.0,0.0,-3.001438,0.4617195,1.352384,0.4979819,-0.03262803,-3.286595,0.1623372,0.4567557,-0.1087855,0.8678632,22.40493,55.01795,357.4877,0.2121668,-0.00862072,-0.9771952,0.0,0.0,0.0,1.624057,-0.5361391,-2.581104,0.1026818,0.07393,1.374196,0.5590799,-0.04052501,-0.8281228,0.3371188,0.9236246,0.1823962,0.757483,-0.3811498,0.5300418,static,48.23522,-30.53635,4.273277,3.079472
314,05/05/2023 15:39:41.679610,521,True,True,True,True,Eyes,0.6566896,-0.03113097,-3.36697,0.6986806,-0.3645596,0.6155824,0.0,0.0,0.0,0.0,0.0,0.0,0.0,-3.003509,0.4484843,1.334764,0.4937133,-0.03359302,-3.280079,0.1608891,0.459778,-0.1095149,0.8664442,22.3032,55.39433,357.4086,0.2102604,-0.008656435,-0.9776068,0.0,0.0,0.0,1.624057,-0.5361391,-2.581104,0.09455794,0.07466286,1.377604,0.5532215,-0.04183055,-0.8319833,0.3377235,0.9242424,0.1780978,0.7615044,-0.3795078,0.525438,static,48.61788,-30.63482,3.92659,3.10226
315,05/05/2023 15:39:41.695327,522,True,True,True,True,Eyes,0.65011,-0.03143966,-3.362728,0.7030485,-0.3634595,0.6112446,0.0,0.0,0.0,0.0,0.0,0.0,0.0,-3.005982,0.4347088,1.31503,0.4896803,-0.03497318,-3.273102,0.1587897,0.4631954,-0.1094992,0.865012,22.09535,55.8248,357.3812,0.2083803,-0.008698395,-0.978009,0.0,0.0,0.0,1.624057,-0.5361391,-2.581104,0.08855385,0.07662544,1.38066,0.5469199,-0.04233489,-0.8361139,0.3365375,0.9255915,0.1732711,0.7665645,-0.3761491,0.5204718,static,48.99564,-30.73665,3.669855,3.176608
316,05/05/2023 15:39:41.713351,523,True,True,True,True,Eyes,0.6436125,-0.03175199,-3.358356,0.7072344,-0.3626134,0.6069028,0.0,0.0,0.0,0.0,0.0,0.0,0.0,-3.004247,0.4289083,1.301854,0.4851982,-0.03574916,-3.266128,0.1584322,0.4652193,-0.1100626,0.8639192,22.09552,56.08828,357.3549,0.2065262,-0.008746604,-0.9784018,0.0,0.0,0.0,1.624057,-0.5361391,-2.581104,0.08296496,0.07884973,1.383457,0.5429145,-0.04275899,-0.8386986,0.3375818,0.9255709,0.1713387,0.7689489,-0.3761517,0.5169405,static,49.36594,-30.85755,3.431878,3.262027
317,05/05/2023 15:39:41.723087,524,True,True,True,True,Eyes,0.6372125,-0.03203921,-3.353864,0.7112972,-0.3616939,0.6026888,0.0,0.0,0.0,0.0,0.0,0.0,0.0,-2.99987,0.4197338,1.295264,0.4808736,-0.03614748,-3.25892,0.1574039,0.4664434,-0.1108029,0.8633525,22.034,56.22643,357.2494,0.2046982,-0.008800601,-0.9787853,0.0,0.0,0.0,1.624057,-0.5361391,-2.581104,0.07721913,0.08389759,1.386054,0.5403066,-0.04448381,-0.8402916,0.3381639,0.9258934,0.1684237,0.7705284,-0.3751567,0.5153093,static,49.72508,-30.9694,3.188737,3.463876
318,05/05/2023 15:39:41.745081,525,True,True,True,True,Eyes,0.6309078,-0.03229244,-3.349244,0.7153192,-0.360687,0.5985176,0.0,0.0,0.0,0.0,0.0,0.0,0.0,-2.994595,0.4041401,1.292413,0.4767968,-0.03585795,-3.251559,0.1553433,0.4674059,-0.1117761,0.8630796,21.87834,56.30613,357.0519,0.202896,-0.00885914,-0.97916,0.0,0.0,0.0,1.624057,-0.5361391,-2.581104,0.07238948,0.09206125,1.388272,0.5380757,-0.04772669,-0.8415443,0.3381601,0.9267491,0.1636576,0.7720895,-0.3726369,0.5148005,static,50.0803,-31.07459,2.984905,3.793933
319,05/05/2023 15:39:41.762745,526,True,True,True,True,Eyes,0.6246838,-0.03256529,-3.34451,0.7193392,-0.3594169,0.5944499,0.0,0.0,0.0,0.0,0.0,0.0,0.0,-2.990104,0.3796598,1.28972,0.4728225,-0.03535329,-3.243983,0.1506519,0.4690166,-0.1114218,0.8630833,21.38098,56.44804,356.8594,0.2011204,-0.008920818,-0.9795256,0.0,0.0,0.0,1.624057,-0.5361391,-2.581104,0.0684287,0.09387076,1.390484,0.5352173,-0.0510162,-0.8431725,0.333649,0.9297783,0.1555328,0.7760288,-0.3645675,0.5146551,static,50.43024,-31.15804,2.817376,3.862145
320,05/05/2023 15:39:41.780115,527,True,True,True,True,Eyes,0.6185164,-0.03280854,-3.339671,0.7231495,-0.3586083,0.5903006,0.0,0.0,0.0,0.0,0.0,0.0,0.0,-2.986167,0.363018,1.283266,0.4684977,-0.03616779,-3.236502,0.1467122,0.4709091,-0.1103072,0.8628746,20.92084,56.65508,356.7972,0.1993709,-0.008985958,-0.9798827,0.0,0.0,0.0,1.624057,-0.5361391,-2.581104,0.06628257,0.09525338,1.392873,0.5321539,-0.05218629,-0.8450378,0.3285387,0.9326158,0.1492991,0.7803041,-0.3570777,0.5134403,static,50.77554,-31.27873,2.724476,3.912153
321,05/05/2023 15:39:41.792876,528,True,True,True,True,Eyes,0.6124248,-0.03300811,-3.334736,0.7267733,-0.358041,0.5861802,0.0,0.0,0.0,0.0,0.0,0.0,0.0,-2.981506,0.3673359,1.272469,0.4636846,-0.0356251,-3.22912,0.1489477,0.4719866,-0.1116502,0.8617294,21.22922,56.8234,356.813,0.1976462,-0.009053409,-0.9802313,0.0,0.0,0.0,1.624057,-0.5361391,-2.581104,0.06345791,0.0992575,1.395089,0.5295259,-0.05182201,-0.8467095,0.3330272,0.9306976,0.1513103,0.7801893,-0.3621,0.5100866,static,51.11203,-31.41674,2.604398,4.069612
322,05/05/2023 15:39:41.812781,529,True,True,True,True,Eyes,0.606361,-0.03319377,-3.329695,0.7302953,-0.3577509,0.5819649,0.0,0.0,0.0,0.0,0.0,0.0,0.0,-2.975833,0.3787507,1.262369,0.4594133,-0.0347227,-3.221854,0.151938,0.4726933,-0.1121315,0.860757,21.56589,56.96767,356.9554,0.1959467,-0.009121675,-0.9805719,0.0,0.0,0.0,1.624057,-0.5361391,-2.581104,0.06087345,0.09882477,1.397295,0.5279752,-0.04939585,-0.8478221,0.3366761,0.9286827,0.1555557,0.779674,-0.367571,0.5069519,static,51.44902,-31.58027,2.494526,4.045553
323,05/05/2023 15:39:41.823559,530,True,True,True,True,Eyes,0.6003487,-0.03336864,-3.324609,0.7336154,-0.357696,0.5778079,0.0,0.0,0.0,0.0,0.0,0.0,0.0,-2.968192,0.3909519,1.258351,0.4547368,-0.03459861,-3.21535,0.1531374,0.4729868,-0.1105538,0.8605872,21.60201,57.05293,357.2,0.1942697,-0.009190354,-0.9809048,0.0,0.0,0.0,1.624057,-0.5361391,-2.581104,0.05865747,0.09594026,1.399426,0.5281227,-0.04541852,-0.8479526,0.3351464,0.9286535,0.1589952,0.7802329,-0.3681572,0.5056649,static,51.77543,-31.75987,2.400169,3.921883
324,05/05/2023 15:39:41.842985,531,True,True,True,True,Eyes,0.5943625,-0.03351702,-3.319413,0.7368813,-0.3580154,0.5734379,0.0,0.0,0.0,0.0,0.0,0.0,0.0,-2.962283,0.4012579,1.25151,0.4499688,-0.03445726,-3.209166,0.1560537,0.4733214,-0.1115832,0.859746,21.96021,57.13941,357.2721,0.1926149,-0.00925909,-0.9812304,0.0,0.0,0.0,1.624057,-0.5361391,-2.581104,0.05818743,0.09586865,1.401643,0.527032,-0.04413921,-0.8486984,0.3395935,0.9263929,0.1627038,0.7790466,-0.3739626,0.5032281,static,52.1101,-31.97783,2.377196,3.912784
325,05/05/2023 15:39:41.863454,532,True,True,True,True,Eyes,0.588443,-0.03362373,-3.314163,0.7400382,-0.3583382,0.5691547,0.0,0.0,0.0,0.0,0.0,0.0,0.0,-2.95791,0.399267,1.244178,0.4454882,-0.03398916,-3.202656,0.157376,0.4741595,-0.1134528,0.8587982,22.20352,57.25356,357.1755,0.1909801,-0.009327175,-0.9815493,0.0,0.0,0.0,1.624057,-0.5361391,-2.581104,0.05947018,0.09568763,1.403536,0.5246024,-0.04562345,-0.8501241,0.3441087,0.9247225,0.162719,0.7787051,-0.3778978,0.5008112,static,52.43654,-32.1944,2.426267,3.900169
326,05/05/2023 15:39:41.879765,533,True,True,True,True,Eyes,0.5825693,-0.03367658,-3.308834,0.7432291,-0.3587056,0.5647485,0.0,0.0,0.0,0.0,0.0,0.0,0.0,-2.953914,0.3893102,1.238472,0.4411508,-0.03310106,-3.196134,0.1568474,0.4752778,-0.1148422,0.8580917,22.23107,57.37808,357.0277,0.1893659,-0.009393428,-0.9818613,0.0,0.0,0.0,1.624057,-0.5361391,-2.581104,0.05957019,0.0895372,1.405372,0.5218446,-0.04799798,-0.8516892,0.3461825,0.9244203,0.1600151,0.7796385,-0.3783428,0.4990198,static,52.77032,-32.42207,2.427171,3.645425
327,05/05/2023 15:39:41.895310,534,True,True,True,True,Eyes,0.5767521,-0.03369634,-3.303464,0.746324,-0.3590394,0.5604384,0.0,0.0,0.0,0.0,0.0,0.0,0.0,-2.950555,0.3795217,1.230887,0.4367748,-0.03188922,-3.189531,0.1565319,0.4766416,-0.1163002,0.857196,22.28562,57.53999,356.8922,0.1877705,-0.009456507,-0.9821671,0.0,0.0,0.0,1.624057,-0.5361391,-2.581104,0.05951619,0.08584727,1.407381,0.5185742,-0.05016491,-0.8535599,0.3486032,0.9239441,0.1574899,0.780741,-0.3792239,0.4966212,static,53.09595,-32.64526,2.421516,3.490596
328,05/05/2023 15:39:41.912943,535,True,True,True,True,Eyes,0.5709646,-0.03365798,-3.298018,0.7494581,-0.3593956,0.5560102,0.0,0.0,0.0,0.0,0.0,0.0,0.0,-2.945916,0.3732326,1.225869,0.432292,-0.03112317,-3.183179,0.1559839,0.4776681,-0.1168287,0.8566524,22.263,57.66442,356.8319,0.1861936,-0.009515745,-0.9824666,0.0,0.0,0.0,1.624057,-0.5361391,-2.581104,0.05950087,0.08849853,1.408908,0.5163685,-0.05114611,-0.8548378,0.3491802,0.9240401,0.1556373,0.7819443,-0.3788586,0.4950045,static,53.42891,-32.87794,2.418273,3.594229
329,05/05/2023 15:39:41.923041,536,True,True,True,True,Eyes,0.5652558,-0.03356837,-3.292538,0.7525394,-0.3596198,0.5516866,0.0,0.0,0.0,0.0,0.0,0.0,0.0,-2.940461,0.367375,1.222756,0.4278187,-0.02975451,-3.176868,0.1555983,0.4783998,-0.1174167,0.8562338,22.25945,57.75021,356.7669,0.1846341,-0.009569821,-0.9827604,0.0,0.0,0.0,1.624057,-0.5361391,-2.581104,0.05921543,0.08707003,1.410398,0.514694,-0.05219581,-0.8557838,0.3499486,0.924005,0.1541128,0.7827044,-0.3788013,0.4938456,static,53.75486,-33.09853,2.404146,3.532636
330,05/05/2023 15:39:41.942934,537,True,True,True,True,Eyes,0.5595968,-0.03344416,-3.286999,0.7558609,-0.3595033,0.5472036,0.0,0.0,0.0,0.0,0.0,0.0,0.0,-2.93674,0.3542657,1.217837,0.4239612,-0.02847254,-3.170571,0.1536549,0.4797567,-0.1176808,0.8557892,22.08048,57.89829,356.6601,0.1830921,-0.009617723,-0.9830483,0.0,0.0,0.0,1.624057,-0.5361391,-2.581104,0.05927444,0.08294809,1.41211,0.5119695,-0.053986,-0.8573055,0.3488539,0.9250828,0.1500761,0.7849766,-0.3759087,0.4924475,static,54.09743,-33.30423,2.403625,3.361722
331,05/05/2023 15:39:41.963084,538,True,True,True,True,Eyes,0.5540088,-0.03328285,-3.281432,0.7592034,-0.3593266,0.5426735,0.0,0.0,0.0,0.0,0.0,0.0,0.0,-2.934296,0.3389001,1.210837,0.4199868,-0.02764904,-3.164478,0.1501481,0.4818156,-0.1164765,0.8554196,21.66133,58.13647,356.6329,0.1815672,-0.009659038,-0.9833308,0.0,0.0,0.0,1.624057,-0.5361391,-2.581104,0.05955935,0.08188188,1.41356,0.5085739,-0.05458513,-0.8592864,0.3439598,0.9277776,0.1446389,0.7893315,-0.3691196,0.4906187,static,54.44307,-33.51019,2.41269,3.315211
332,05/05/2023 15:39:41.979889,539,True,True,True,True,Eyes,0.5484776,-0.03309821,-3.275833,0.7627699,-0.3590306,0.5378467,0.0,0.0,0.0,0.0,0.0,0.0,0.0,-2.935585,0.3294455,1.192483,0.4160227,-0.02660957,-3.158232,0.1490885,0.4849497,-0.116382,0.8538453,21.56003,58.55404,356.6625,0.1800595,-0.009693301,-0.9836076,0.0,0.0,0.0,1.624057,-0.5361391,-2.581104,0.06078321,0.07544412,1.414823,0.5025581,-0.05414353,-0.8628464,0.3433453,0.9284557,0.1417183,0.7934415,-0.3674759,0.4851928,static,54.81145,-33.72443,2.460012,3.052354
333,05/05/2023 15:39:41.993118,540,True,True,True,True,Eyes,0.5429891,-0.03288952,-3.270222,0.7663174,-0.3587013,0.5330018,0.0,0.0,0.0,0.0,0.0,0.0,0.0,-2.937363,0.3298762,1.169515,0.4118034,-0.02586772,-3.151893,0.1486545,0.4885765,-0.1144606,0.8521113,21.41902,59.07731,356.933,0.1785678,-0.009720527,-0.9838792,0.0,0.0,0.0,1.624057,-0.5361391,-2.581104,0.06267029,0.07040361,1.416095,0.4963835,-0.04980822,-0.8666733,0.3403246,0.9296013,0.1414948,0.798613,-0.3651858,0.4783897,static,55.17997,-33.9399,2.534012,2.846215
334,05/05/2023 15:39:42.013206,541,True,True,True,True,Eyes,0.5375543,-0.03262871,-3.264589,0.769872,-0.3583888,0.528067,0.0,0.0,0.0,0.0,0.0,0.0,0.0,-2.935296,0.3437611,1.152944,0.4072869,-0.02503861,-3.145933,0.1498521,0.4908533,-0.1115818,0.8509741,21.38181,59.45646,357.3658,0.1770916,-0.009740671,-0.9841458,0.0,0.0,0.0,1.624057,-0.5361391,-2.581104,0.06378138,0.06851879,1.416981,0.4932252,-0.04279564,-0.8688484,0.3370172,0.9301876,0.1455,0.8019654,-0.3645811,0.4732148,static,55.55318,-34.16397,2.577267,2.768408
335,05/05/2023 15:39:42.023551,542,True,True,True,True,Eyes,0.5321852,-0.03233929,-3.258951,0.7733974,-0.3579625,0.523182,0.0,0.0,0.0,0.0,0.0,0.0,0.0,-2.932664,0.3514197,1.139356,0.4032002,-0.02350384,-3.139908,0.1511009,0.4926877,-0.1102916,0.8498608,21.43885,59.75442,357.6249,0.175631,-0.009752844,-0.9844074,0.0,0.0,0.0,1.624057,-0.5361391,-2.581104,0.063815,0.06264889,1.41767,0.4901893,-0.03857393,-0.8707621,0.336356,0.9300086,0.1481508,0.8041013,-0.365508,0.4688548,static,55.92273,-34.38004,2.577373,2.530337
336,05/05/2023 15:39:42.042978,543,True,True,True,True,Eyes,0.5268616,-0.0320284,-3.253294,0.7769182,-0.3575014,0.5182576,0.0,0.0,0.0,0.0,0.0,0.0,0.0,-2.930567,0.348582,1.128277,0.399355,-0.02254026,-3.134126,0.1500551,0.4947146,-0.1089432,0.849042,21.25982,60.03486,357.7538,0.1741856,-0.009756956,-0.9846642,0.0,0.0,0.0,1.624057,-0.5361391,-2.581104,0.06412828,0.0567333,1.418348,0.4867776,-0.03652574,-0.872762,0.3334635,0.9312297,0.1470146,0.8073721,-0.3625977,0.4654818,static,56.294,-34.59846,2.588771,2.290585
337,05/05/2023 15:39:42.063042,544,True,True,True,True,Eyes,0.5215876,-0.0316951,-3.247623,0.7803379,-0.357053,0.5134063,0.0,0.0,0.0,0.0,0.0,0.0,0.0,-2.927982,0.3433242,1.11875,0.3952259,-0.02174598,-3.128238,0.1492052,0.4964978,-0.1086035,0.848194,21.15871,60.2718,357.7832,0.1727542,-0.009753137,-0.9849163,0.0,0.0,0.0,1.624057,-0.5361391,-2.581104,0.0652712,0.05447178,1.418684,0.4833905,-0.0360736,-0.8746613,0.3323937,0.9318862,0.1452671,0.8098446,-0.3609526,0.4624555,static,56.65796,-34.81703,2.634221,2.198847
338,05/05/2023 15:39:42.080004,545,True,True,True,True,Eyes,0.5163563,-0.03134694,-3.241924,0.7836939,-0.3566614,0.5085436,0.0,0.0,0.0,0.0,0.0,0.0,0.0,-2.92535,0.3316195,1.110895,0.3910979,-0.02089452,-3.122232,0.1482965,0.4980774,-0.1099048,0.8472592,21.1477,60.45809,357.6336,0.1713375,-0.009741472,-0.9851639,0.0,0.0,0.0,1.624057,-0.5361391,-2.581104,0.06564343,0.05017035,1.418724,0.4796797,-0.03850944,-0.8765983,0.333962,0.9318582,0.141809,0.8114043,-0.3607734,0.4598541,static,57.02022,-35.04348,2.649149,2.025308
339,05/05/2023 15:39:42.093272,546,True,True,True,True,Eyes,0.5111724,-0.03100393,-3.236205,0.7869841,-0.3562132,0.5037542,0.0,0.0,0.0,0.0,0.0,0.0,0.0,-2.92233,0.3140455,1.105177,0.3869745,-0.02024689,-3.11607,0.1461513,0.4996332,-0.1112709,0.8465372,21.01635,60.61656,357.4,0.1699341,-0.009722263,-0.9854071,0.0,0.0,0.0,1.624057,-0.5361391,-2.581104,0.0657379,0.04324484,1.418836,0.4759708,-0.0423459,-0.8784411,0.3344341,0.9325171,0.1362557,0.8133915,-0.3586344,0.4580128,static,57.3764,-35.26479,2.652747,1.745783
340,05/05/2023 15:39:42.113368,547,True,True,True,True,Eyes,0.5060248,-0.03066499,-3.230462,0.7901849,-0.3558213,0.4989981,0.0,0.0,0.0,0.0,0.0,0.0,0.0,-2.919956,0.2977886,1.096976,0.3828727,-0.02007116,-3.109853,0.144168,0.5014799,-0.1125238,0.8456194,20.8964,60.8214,357.1955,0.1685438,-0.009696387,-0.9856461,0.0,0.0,0.0,1.624057,-0.5361391,-2.581104,0.06481683,0.04175524,1.41875,0.4717126,-0.0457099,-0.8805668,0.3348993,0.9331079,0.1309656,0.8156776,-0.3566793,0.455467,static,57.72778,-35.49158,2.615789,1.685786
341,05/05/2023 15:39:42.123446,548,True,True,True,True,Eyes,0.5009213,-0.03032814,-3.224688,0.7933491,-0.35537,0.4942766,0.0,0.0,0.0,0.0,0.0,0.0,0.0,-2.91735,0.2844793,1.087848,0.3785464,-0.01985568,-3.103479,0.1427077,0.503347,-0.1136663,0.8446043,20.8235,61.04129,357.0352,0.1671662,-0.009664614,-0.985881,0.0,0.0,0.0,1.624057,-0.5361391,-2.581104,0.06304151,0.03778866,1.418251,0.4674435,-0.04834312,-0.8827001,0.3356692,0.9334289,0.1266359,0.8178159,-0.3554903,0.4525526,static,58.07605,-35.715,2.545132,1.526259
342,05/05/2023 15:39:42.143165,549,True,True,True,True,Eyes,0.4958554,-0.03001074,-3.218893,0.7964743,-0.3550464,0.4894598,0.0,0.0,0.0,0.0,0.0,0.0,0.0,-2.915316,0.2720709,1.076471,0.3744408,-0.01960037,-3.096982,0.141089,0.5055436,-0.1142557,0.8434839,20.70369,61.31203,356.9303,0.1658007,-0.009627561,-0.9861119,0.0,0.0,0.0,1.624057,-0.5361391,-2.581104,0.06517082,0.03868273,1.418063,0.4627425,-0.05009233,-0.8850763,0.3353989,0.9340791,0.1224901,0.8205954,-0.353535,0.449039,static,58.42791,-35.95654,2.631327,1.562559
343,05/05/2023 15:39:42.163203,550,True,True,True,True,Eyes,0.490823,-0.02970704,-3.213068,0.799565,-0.3547398,0.4846191,0.0,0.0,0.0,0.0,0.0,0.0,0.0,-2.913496,0.265077,1.062765,0.3701079,-0.01974908,-3.09044,0.1400844,0.5079301,-0.1142587,0.8422163,20.61175,61.62864,356.9283,0.1644465,-0.009586315,-0.986339,0.0,0.0,0.0,1.624057,-0.5361391,-2.581104,0.07034874,0.03780465,1.417715,0.4579038,-0.05015486,-0.8875859,0.3347672,0.9346426,0.1198919,0.8235624,-0.3520336,0.4447666,static,58.7798,-36.20403,2.840756,1.527481
344,05/05/2023 15:39:42.179768,551,True,True,True,True,Eyes,0.4858311,-0.02941954,-3.207239,0.8026465,-0.3545221,0.479659,0.0,0.0,0.0,0.0,0.0,0.0,0.0,-2.912067,0.2628272,1.046519,0.3658171,-0.01976366,-3.083862,0.1401317,0.5104436,-0.114237,0.8406904,20.62425,61.98352,356.9978,0.1631037,-0.009541707,-0.9865624,0.0,0.0,0.0,1.624057,-0.5361391,-2.581104,0.07697207,0.03404781,1.417362,0.4527946,-0.04901738,-0.8902664,0.3351346,0.934626,0.1189916,0.8262335,-0.3522378,0.4396211,static,59.1376,-36.46858,3.108484,1.376093
345,05/05/2023 15:39:42.193246,552,True,True,True,True,Eyes,0.4808615,-0.02916883,-3.201386,0.8057641,-0.3542087,0.4746371,0.0,0.0,0.0,0.0,0.0,0.0,0.0,-2.910913,0.2603069,1.029443,0.3614211,-0.01982256,-3.077321,0.1396175,0.5132191,-0.1135481,0.8391781,20.54103,62.37335,357.1068,0.1617712,-0.009494516,-0.9867823,0.0,0.0,0.0,1.624057,-0.5361391,-2.581104,0.08278763,0.02158807,1.417116,0.4474261,-0.04726531,-0.8930711,0.3338829,0.9352276,0.117778,0.8296579,-0.3508781,0.4342263,static,59.4997,-36.73298,3.343409,0.8727657
346,05/05/2023 15:39:42.214105,553,True,True,True,True,Eyes,0.4759036,-0.02897367,-3.19552,0.8089197,-0.3539356,0.4694449,0.0,0.0,0.0,0.0,0.0,0.0,0.0,-2.910873,0.2572578,1.009293,0.3569031,-0.02046319,-3.070869,0.1386464,0.5165456,-0.1124302,0.837447,20.38757,62.83768,357.2438,0.1604484,-0.009446125,-0.9869988,0.0,0.0,0.0,1.624057,-0.5361391,-2.581104,0.08719087,0.01121533,1.416724,0.4410802,-0.04507435,-0.8963352,0.3315431,0.9362732,0.1160673,0.8339831,-0.3483686,0.4279156,static,59.87188,-37.01428,3.521769,0.4535657
347,05/05/2023 15:39:42.222689,554,True,True,True,True,Eyes,0.4709511,-0.02882303,-3.189633,0.8120993,-0.3536906,0.4641097,0.0,0.0,0.0,0.0,0.0,0.0,0.0,-2.911545,0.254952,0.9866362,0.3520875,-0.02157773,-3.064492,0.1379482,0.5202,-0.1114953,0.8354228,20.27276,63.35201,357.3867,0.1591346,-0.009398355,-0.9872119,0.0,0.0,0.0,1.624057,-0.5361391,-2.581104,0.0917033,0.01865999,1.417091,0.4339215,-0.04277013,-0.899935,0.3298126,0.9370782,0.1144904,0.8384126,-0.3464898,0.4207246,static,60.2523,-37.31044,3.702582,0.7544168
348,05/05/2023 15:39:42.243180,555,True,True,True,True,Eyes,0.4660129,-0.02869329,-3.183739,0.8152183,-0.3536953,0.4586051,0.0,0.0,0.0,0.0,0.0,0.0,0.0,-2.913127,0.2548867,0.9599971,0.3471711,-0.02247298,-3.058078,0.1383547,0.5242146,-0.1111384,0.8328897,20.30327,63.93342,357.5509,0.1578288,-0.009352524,-0.9874219,0.0,0.0,0.0,1.624057,-0.5361391,-2.581104,0.09642899,0.02612345,1.417178,0.4256947,-0.04007702,-0.9039789,0.3301872,0.9370124,0.1139476,0.8424728,-0.3469892,0.4121142,static,60.63986,-37.6409,3.892575,1.056038
349,05/05/2023 15:39:42.263307,556,True,True,True,True,Eyes,0.4610756,-0.02858335,-3.177824,0.8184034,-0.3536862,0.4529039,0.0,0.0,0.0,0.0,0.0,0.0,0.0,-2.915304,0.2569298,0.9300003,0.3423369,-0.02276795,-3.051589,0.1394357,0.5285769,-0.1107618,0.8299976,20.39895,64.58021,357.7707,0.1565298,-0.009309061,-0.987629,0.0,0.0,0.0,1.624057,-0.5361391,-2.581104,0.1025138,0.02697816,1.417704,0.4166766,-0.03645903,-0.9083235,0.3312691,0.936579,0.1143704,0.8465469,-0.3485549,0.4023283,static,61.03989,-37.98734,4.135845,1.090177
350,05/05/2023 15:39:42.283043,557,True,True,True,True,Eyes,0.4561182,-0.0284926,-3.171892,0.8215377,-0.3538238,0.4470844,0.0,0.0,0.0,0.0,0.0,0.0,0.0,-2.917662,0.2586094,0.898393,0.3373362,-0.02292905,-3.045065,0.1399281,0.5333195,-0.1096429,0.8270242,20.38931,65.28019,358.0374,0.1552368,-0.009268349,-0.9878335,0.0,0.0,0.0,1.624057,-0.5361391,-2.581104,0.1078911,0.03614636,1.418338,0.4070975,-0.03210182,-0.9128205,0.3306074,0.9367971,0.1144985,0.8514521,-0.3483972,0.3919809,static,61.44477,-38.35819,4.350038,1.459867
351,05/05/2023 15:39:42.293163,558,True,True,True,True,Eyes,0.4511434,-0.02839773,-3.165921,0.8246754,-0.3539258,0.4411883,0.0,0.0,0.0,0.0,0.0,0.0,0.0,-2.918793,0.2600456,0.8694918,0.3317343,-0.02322815,-3.038488,0.1409065,0.5376236,-0.1093661,0.8241028,20.47743,65.92115,358.2415,0.1539474,-0.009230691,-0.9880356,0.0,0.0,0.0,1.624057,-0.5361391,-2.581104,0.1127944,0.04234472,1.418799,0.3979999,-0.02874862,-0.916935,0.3317672,0.9363688,0.1146472,0.8552934,-0.3498384,0.3822125,static,61.85392,-38.73694,4.54545,1.709512
352,05/05/2023 15:39:42.313295,559,True,True,True,True,Eyes,0.4461419,-0.02832088,-3.159888,0.8277671,-0.3538973,0.4353829,0.0,0.0,0.0,0.0,0.0,0.0,0.0,-2.918147,0.2514521,0.8475679,0.3262417,-0.02322077,-3.031536,0.1400607,0.5413265,-0.1096521,0.8217817,20.4209,66.43281,358.2522,0.1526609,-0.009195671,-0.9882355,0.0,0.0,0.0,1.624057,-0.5361391,-2.581104,0.1176239,0.04289687,1.419472,0.389884,-0.02858292,-0.9204203,0.3318573,0.9367189,0.1114836,0.8589886,-0.3489138,0.3746971,static,62.25686,-39.10564,4.736967,1.730969
353,05/05/2023 15:39:42.322866,560,True,True,True,True,Eyes,0.4411169,-0.02826349,-3.153819,0.8308542,-0.3538056,0.4295381,0.0,0.0,0.0,0.0,0.0,0.0,0.0,-2.916466,0.2369694,0.8297802,0.3207123,-0.0236191,-3.024408,0.137175,0.5448597,-0.1092788,0.8199812,20.12351,66.88436,358.1855,0.1513763,-0.009163615,-0.9884334,0.0,0.0,0.0,1.624057,-0.5361391,-2.581104,0.1216611,0.04381287,1.420341,0.3823722,-0.02973097,-0.92353,0.3286954,0.9384823,0.1058785,0.8635687,-0.3440451,0.3686219,static,62.66177,-39.47789,4.895791,1.766827
354,05/05/2023 15:39:42.343606,561,True,True,True,True,Eyes,0.4360586,-0.02823983,-3.147699,0.8338054,-0.3537113,0.4238593,0.0,0.0,0.0,0.0,0.0,0.0,0.0,-2.914474,0.2293814,0.8111101,0.315045,-0.02404286,-3.017422,0.136057,0.5481414,-0.1092845,0.8179771,20.02254,67.3345,358.193,0.1500913,-0.00913482,-0.9886296,0.0,0.0,0.0,1.624057,-0.5361391,-2.581104,0.1265429,0.04319121,1.421254,0.3751957,-0.02962757,-0.9264721,0.3279414,0.9390908,0.1027762,0.8669963,-0.3423898,0.362059,static,63.05381,-39.84506,5.087978,1.740655
355,05/05/2023 15:39:42.363516,562,True,True,True,True,Eyes,0.4309598,-0.02823048,-3.141548,0.8366926,-0.3536662,0.4181696,0.0,0.0,0.0,0.0,0.0,0.0,0.0,-2.911967,0.2276022,0.7916877,0.3092187,-0.02481717,-3.010298,0.1355344,0.5513847,-0.1086038,0.8159723,19.93473,67.79938,358.3071,0.1488051,-0.009110047,-0.9888243,0.0,0.0,0.0,1.624057,-0.5361391,-2.581104,0.1322826,0.04253517,1.422336,0.3683604,-0.0277721,-0.9292682,0.3266985,0.9396713,0.1014197,0.87039,-0.3409495,0.3552108,static,63.44463,-40.22281,5.313439,1.712929
356,05/05/2023 15:39:42.380088,563,True,True,True,True,Eyes,0.4258474,-0.02817527,-3.135368,0.839327,-0.3537885,0.4127516,0.0,0.0,0.0,0.0,0.0,0.0,0.0,-2.907854,0.2315603,0.7767421,0.3030967,-0.02512199,-3.003342,0.1365104,0.5537248,-0.1083564,0.8142561,20.01755,68.16222,358.4582,0.1475164,-0.009089362,-0.9890177,0.0,0.0,0.0,1.624057,-0.5361391,-2.581104,0.1364668,0.03748935,1.423165,0.3632957,-0.02528139,-0.9313309,0.327638,0.9392476,0.1023095,0.8721638,-0.342308,0.3495078,static,63.81366,-40.60141,5.477328,1.50895
357,05/05/2023 15:39:42.393275,564,True,True,True,True,Eyes,0.4207367,-0.02812291,-3.12916,0.842037,-0.3536813,0.4072876,0.0,0.0,0.0,0.0,0.0,0.0,0.0,-2.903842,0.2268088,0.7636728,0.2975771,-0.0239187,-2.9963,0.1374877,0.5558197,-0.1099866,0.8124436,20.22254,68.47281,358.4196,0.1462237,-0.00907091,-0.9892098,0.0,0.0,0.0,1.624057,-0.5361391,-2.581104,0.1388304,0.02676471,1.424318,0.3579349,-0.02587907,-0.9333878,0.3315525,0.9380001,0.1011365,0.8729007,-0.3456673,0.3443233,static,64.18726,-40.97047,5.567118,1.076532
358,05/05/2023 15:39:42.412839,565,True,True,True,True,Eyes,0.4155743,-0.02810353,-3.122954,0.8446479,-0.3535042,0.4020008,0.0,0.0,0.0,0.0,0.0,0.0,0.0,-2.902228,0.2103875,0.7451816,0.2924078,-0.02399756,-2.989382,0.1340766,0.5595487,-0.1094473,0.8105246,19.86633,68.94669,358.3321,0.1449276,-0.009054573,-0.9894006,0.0,0.0,0.0,1.624057,-0.5361391,-2.581104,0.1367227,0.02348694,1.425763,0.3498532,-0.02737463,-0.9364046,0.3274642,0.9400895,0.09486266,0.8777073,-0.339827,0.3378575,static,64.5484,-41.32717,5.477595,0.9437621
359,05/05/2023 15:39:42.423341,566,True,True,True,True,Eyes,0.4104005,-0.02803423,-3.1167,0.8471397,-0.3535688,0.3966652,0.0,0.0,0.0,0.0,0.0,0.0,0.0,-2.899314,0.2071157,0.728497,0.285803,-0.02476337,-2.982839,0.1327554,0.5627083,-0.1083893,0.8086948,19.67597,69.38879,358.4237,0.1436262,-0.009041189,-0.9895905,0.0,0.0,0.0,1.624057,-0.5361391,-2.581104,0.132471,0.01897453,1.427525,0.3432224,-0.02590257,-0.9388968,0.3247128,0.9412555,0.09273411,0.8813398,-0.3367003,0.3314709,static,64.9091,-41.71232,5.301731,0.7615253
360,05/05/2023 15:39:42.443027,567,True,True,True,True,Eyes,0.4052411,-0.02795908,-3.110373,0.8496815,-0.3532269,0.3915,0.0,0.0,0.0,0.0,0.0,0.0,0.0,-2.895426,0.2027974,0.7123497,0.2803151,-0.02344717,-2.975388,0.1347072,0.5650458,-0.1108833,0.8064008,20.03317,69.75134,358.3775,0.1423192,-0.009028889,-0.9897793,0.0,0.0,0.0,1.624057,-0.5361391,-2.581104,0.1312636,0.01683588,1.429431,0.3368563,-0.02660128,-0.9411803,0.3310641,0.9391177,0.09194767,0.8814332,-0.3425642,0.3251545,static,65.2616,-42.05804,5.246714,0.6748004
361,05/05/2023 15:39:42.463398,568,True,True,True,True,Eyes,0.4000471,-0.02789285,-3.10402,0.8521859,-0.3527987,0.3864095,0.0,0.0,0.0,0.0,0.0,0.0,0.0,-2.89151,0.1899372,0.6975152,0.2755596,-0.02332801,-2.967652,0.1299148,0.5684199,-0.1079877,0.8052078,19.38909,70.16674,358.4076,0.1410075,-0.009017401,-0.9899671,0.0,0.0,0.0,1.624057,-0.5361391,-2.581104,0.1316409,0.0166745,1.431063,0.330475,-0.02621276,-0.9434507,0.3215974,0.9429216,0.08645217,0.887334,-0.3319816,0.320042,static,65.60888,-42.39663,5.255745,0.6675708
362,05/05/2023 15:39:42.480339,569,True,True,True,True,Eyes,0.3948353,-0.02780203,-3.097623,0.8544506,-0.35274,0.3814298,0.0,0.0,0.0,0.0,0.0,0.0,0.0,-2.884963,0.1955555,0.6910071,0.2695027,-0.02347548,-2.960669,0.1296892,0.5698259,-0.1062455,0.8044819,19.25348,70.38267,358.5952,0.1396898,-0.009006931,-0.990154,0.0,0.0,0.0,1.624057,-0.5361391,-2.581104,0.1322604,0.01141736,1.432442,0.3280208,-0.02314458,-0.944387,0.3187456,0.9437852,0.0875824,0.8892714,-0.3297481,0.3169584,static,65.94385,-42.76215,5.275284,0.4566696
363,05/05/2023 15:39:42.493344,570,True,True,True,True,Eyes,0.3896278,-0.02768199,-3.091195,0.8566658,-0.3526668,0.3764969,0.0,0.0,0.0,0.0,0.0,0.0,0.0,-2.878973,0.2011212,0.6807897,0.2639215,-0.02270333,-2.953343,0.1332059,0.5709895,-0.108453,0.8027859,19.73819,70.61231,358.66,0.138366,-0.008996603,-0.9903399,0.0,0.0,0.0,1.624057,-0.5361391,-2.581104,0.1340049,0.008580476,1.433859,0.324418,-0.02201088,-0.9456577,0.3262474,0.9409882,0.09002046,0.8878714,-0.3377227,0.3124545,static,66.27495,-43.12817,5.339212,0.3428644
364,05/05/2023 15:39:42.513875,571,True,True,True,True,Eyes,0.3844074,-0.02753821,-3.084723,0.8587799,-0.3526587,0.371657,0.0,0.0,0.0,0.0,0.0,0.0,0.0,-2.873566,0.1946917,0.6723158,0.2587715,-0.02189022,-2.946159,0.1325803,0.5727251,-0.1089356,0.801587,19.71425,70.84986,358.6135,0.1370354,-0.008985461,-0.9905251,0.0,0.0,0.0,1.624057,-0.5361391,-2.581104,0.1369155,0.008363649,1.435155,0.320238,-0.02277861,-0.9470633,0.3265067,0.941111,0.0877689,0.8892925,-0.3373294,0.3088169,static,66.59834,-43.49752,5.449591,0.3338987
365,05/05/2023 15:39:42.523168,572,True,True,True,True,Eyes,0.3792052,-0.02737422,-3.078217,0.8608395,-0.3525956,0.3669221,0.0,0.0,0.0,0.0,0.0,0.0,0.0,-2.867245,0.1971088,0.6645391,0.2533237,-0.02113944,-2.938867,0.1334945,0.5740601,-0.1090112,0.8004692,19.80831,71.06674,358.7056,0.1356989,-0.008972834,-0.9907092,0.0,0.0,0.0,1.624057,-0.5361391,-2.581104,0.1407251,0.005536631,1.436271,0.3171431,-0.02125246,-0.9481396,0.327788,0.9405915,0.08855852,0.88993,-0.3388744,0.3052685,static,66.91448,-43.85932,5.59595,0.2208664
366,05/05/2023 15:39:42.542849,573,True,True,True,True,Eyes,0.3740018,-0.02722091,-3.071673,0.8628367,-0.3524402,0.3623518,0.0,0.0,0.0,0.0,0.0,0.0,0.0,-2.859697,0.2044652,0.6606915,0.2485393,-0.02047634,-2.931552,0.1339271,0.5748277,-0.1074231,0.8000606,19.74284,71.20316,358.9091,0.1343561,-0.008958206,-0.9908924,0.0,0.0,0.0,1.624057,-0.5361391,-2.581104,0.1434737,0.003372617,1.437304,0.316067,-0.01791999,-0.9485676,0.3258599,0.9410476,0.09080003,0.8910201,-0.3377991,0.3032735,static,67.21983,-44.20557,5.70046,0.1344436
367,05/05/2023 15:39:42.562944,574,True,True,True,True,Eyes,0.3687971,-0.0270718,-3.065146,0.8646746,-0.3524556,0.3579287,0.0,0.0,0.0,0.0,0.0,0.0,0.0,-2.850952,0.215101,0.6635828,0.2435909,-0.02057126,-2.924855,0.1337107,0.5747648,-0.10473,0.8004991,19.53975,71.21107,359.1508,0.1330082,-0.008942124,-0.9910743,0.0,0.0,0.0,1.624057,-0.5361391,-2.581104,0.1460646,0.002317071,1.438534,0.3173542,-0.01396821,-0.9482043,0.3213769,0.9423062,0.09368026,0.8921902,-0.3344608,0.3035339,static,67.51308,-44.55858,5.797777,0.09228718
368,05/05/2023 15:39:42.580638,575,True,True,True,True,Eyes,0.363612,-0.02688563,-3.058641,0.866368,-0.3527595,0.3535071,0.0,0.0,0.0,0.0,0.0,0.0,0.0,-2.843322,0.2232304,0.6648726,0.2383725,-0.02047241,-2.918753,0.1360031,0.5744958,-0.1055058,0.800204,19.809,71.21807,359.2335,0.1316544,-0.00892485,-0.9912552,0.0,0.0,0.0,1.624057,-0.5361391,-2.581104,0.1475347,-0.000178121,1.439693,0.3176463,-0.01258593,-0.9481259,0.3251188,0.9407433,0.09643516,0.8907294,-0.3388858,0.3029155,static,67.8029,-44.93935,5.851047,-0.007088721
369,05/05/2023 15:39:42.593352,576,True,True,True,True,Eyes,0.3584592,-0.02667645,-3.052149,0.8680266,-0.3530502,0.3491211,0.0,0.0,0.0,0.0,0.0,0.0,0.0,-2.838733,0.2151882,0.6590409,0.2336598,-0.0193447,-2.912744,0.1377027,0.5754088,-0.1091695,0.7987646,20.21954,71.3625,359.0273,0.1302944,-0.008905265,-0.9914351,0.0,0.0,0.0,1.624057,-0.5361391,-2.581104,0.1480082,-0.001793697,1.441028,0.3139735,-0.0159308,-0.9492981,0.3328722,0.93824,0.0943499,0.8891664,-0.3456183,0.2998854,static,68.08997,-45.3206,5.864295,-0.07131801
370,05/05/2023 15:39:42.612995,577,True,True,True,True,Eyes,0.3533228,-0.02646936,-3.045666,0.8697257,-0.3531248,0.3447899,0.0,0.0,0.0,0.0,0.0,0.0,0.0,-2.83498,0.1996471,0.6510894,0.2292305,-0.01861618,-2.906543,0.1362094,0.5772566,-0.1110314,0.7974296,20.20755,71.58561,358.7896,0.1289299,-0.008882837,-0.9916137,0.0,0.0,0.0,1.624057,-0.5361391,-2.581104,0.1474479,-0.001114286,1.44251,0.3088936,-0.01982389,-0.9508899,0.3343349,0.9382381,0.0890475,0.890396,-0.3454219,0.2964435,static,68.37488,-45.68422,5.836288,-0.0442589
371,05/05/2023 15:39:42.622760,578,True,True,True,True,Eyes,0.3482037,-0.02626975,-3.039195,0.8713368,-0.3531927,0.3406273,0.0,0.0,0.0,0.0,0.0,0.0,0.0,-2.829411,0.1857738,0.6496377,0.2244474,-0.0184981,-2.90024,0.1338582,0.5783453,-0.111949,0.7969104,20.04977,71.68494,358.5608,0.1275614,-0.008857893,-0.9917908,0.0,0.0,0.0,1.624057,-0.5361391,-2.581104,0.1461834,-0.002857454,1.444191,0.3059683,-0.02359406,-0.9517492,0.333259,0.9390988,0.08385563,0.8918082,-0.3428362,0.2951974,static,68.64823,-46.03754,5.779889,-0.1133644
372,05/05/2023 15:39:42.643011,579,True,True,True,True,Eyes,0.3431209,-0.02608163,-3.032775,0.8729426,-0.3531962,0.3364871,0.0,0.0,0.0,0.0,0.0,0.0,0.0,-2.823127,0.1699988,0.6521778,0.2197302,-0.01850594,-2.894072,0.1320526,0.5787353,-0.1142387,0.7966035,20.03628,71.68286,358.2214,0.1261888,-0.0088309,-0.9919667,0.0,0.0,0.0,1.624057,-0.5361391,-2.581104,0.1431671,-0.005851641,1.446008,0.30403,-0.02915879,-0.9522161,0.3348529,0.9390233,0.07815928,0.8918741,-0.3426151,0.2952551,static,68.9202,-46.38785,5.654339,-0.2318607
373,05/05/2023 15:39:42.663499,580,True,True,True,True,Eyes,0.3380769,-0.0258914,-3.02638,0.8744962,-0.3532269,0.3323961,0.0,0.0,0.0,0.0,0.0,0.0,0.0,-2.817873,0.1557621,0.6517403,0.2153406,-0.01859608,-2.888376,0.1307233,0.5794275,-0.1165741,0.795981,20.07189,71.73668,357.9199,0.1248125,-0.008802394,-0.9921411,0.0,0.0,0.0,1.624057,-0.5361391,-2.581104,0.1389254,-0.007329211,1.448099,0.3013487,-0.03409218,-0.9529044,0.3370707,0.9386439,0.07301406,0.8919486,-0.3431989,0.2943506,static,69.1882,-46.74025,5.479979,-0.2899866
374,05/05/2023 15:39:42.680278,581,True,True,True,True,Eyes,0.3330797,-0.02569348,-3.019997,0.8761357,-0.3531984,0.328081,0.0,0.0,0.0,0.0,0.0,0.0,0.0,-2.813594,0.1445737,0.6456084,0.2111909,-0.01839139,-2.882548,0.1298155,0.5808316,-0.1182605,0.7948567,20.1054,71.91151,357.7298,0.1234339,-0.008772436,-0.9923137,0.0,0.0,0.0,1.624057,-0.5361391,-2.581104,0.132976,-0.005350076,1.450546,0.2972982,-0.03719838,-0.9540598,0.3388022,0.9383247,0.06899057,0.8926516,-0.3437484,0.2915651,static,69.4709,-47.11142,5.23784,-0.2113241
375,05/05/2023 15:39:42.693192,582,True,True,True,True,Eyes,0.3281205,-0.02549803,-3.013625,0.8777851,-0.3531026,0.3237466,0.0,0.0,0.0,0.0,0.0,0.0,0.0,-2.810418,0.133153,0.6333132,0.2072743,-0.01802101,-2.876452,0.1284299,0.5831931,-0.1191086,0.7932243,20.03988,72.22585,357.611,0.1220543,-0.008740898,-0.9924847,0.0,0.0,0.0,1.624057,-0.5361391,-2.581104,0.1254277,-0.002408788,1.453264,0.291398,-0.03916089,-0.9557999,0.3387585,0.9386379,0.06482073,0.8946115,-0.342674,0.2867832,static,69.75491,-47.48345,4.932838,-0.09496778
376,05/05/2023 15:39:42.712997,583,True,True,True,True,Eyes,0.3232048,-0.0253023,-3.007255,0.8795772,-0.3530148,0.3189429,0.0,0.0,0.0,0.0,0.0,0.0,0.0,-2.806726,0.1287937,0.6213393,0.2031734,-0.01789768,-2.870324,0.127513,0.5854093,-0.1187501,0.7917922,19.93553,72.53922,357.6372,0.1206736,-0.008707978,-0.9926537,0.0,0.0,0.0,1.624057,-0.5361391,-2.581104,0.1167829,-0.002251402,1.456246,0.2863885,-0.03875622,-0.9573295,0.3373455,0.9392776,0.06289273,0.8967607,-0.3409625,0.2820726,static,70.06889,-47.90272,4.584992,-0.08858097
377,05/05/2023 15:39:42.723330,584,True,True,True,True,Eyes,0.3183429,-0.02509224,-3.000905,0.8813522,-0.3529369,0.3140921,0.0,0.0,0.0,0.0,0.0,0.0,0.0,-2.803152,0.1306849,0.6078629,0.1993717,-0.01768673,-2.864293,0.1275823,0.5876092,-0.1177955,0.7902926,19.88236,72.87686,357.7909,0.1192931,-0.008673791,-0.9928209,0.0,0.0,0.0,1.624057,-0.5361391,-2.581104,0.1096992,0.0009142756,1.459569,0.2816793,-0.03624881,-0.9588236,0.3361228,0.939694,0.06321917,0.8987091,-0.3400901,0.2768763,static,70.38519,-48.33289,4.298193,0.03589014
378,05/05/2023 15:39:42.742901,585,True,True,True,True,Eyes,0.3135472,-0.02485707,-2.994582,0.8832371,-0.3527837,0.3089271,0.0,0.0,0.0,0.0,0.0,0.0,0.0,-2.799867,0.1362086,0.5925827,0.1957465,-0.01709993,-2.858383,0.1285615,0.5898882,-0.1167485,0.7885898,19.90744,73.2479,358.0216,0.1179138,-0.008637954,-0.992986,0.0,0.0,0.0,1.624057,-0.5361391,-2.581104,0.1060719,0.0004450828,1.462548,0.2768034,-0.0324596,-0.9603783,0.3358072,0.9396834,0.06502738,0.9003408,-0.3405017,0.2710077,static,70.72186,-48.79189,4.148134,0.01743625
379,05/05/2023 15:39:42.762883,586,True,True,True,True,Eyes,0.3088084,-0.02462165,-2.988276,0.8851735,-0.3525045,0.3036585,0.0,0.0,0.0,0.0,0.0,0.0,0.0,-2.797323,0.1415512,0.5734141,0.1924366,-0.01621575,-2.852466,0.1294752,0.5927177,-0.11539,0.786516,19.90465,73.70354,358.2919,0.1165368,-0.008599766,-0.9931489,0.0,0.0,0.0,1.624057,-0.5361391,-2.581104,0.1041959,-0.005651027,1.465269,0.2707419,-0.02802757,-0.962244,0.3349965,0.9398426,0.06688127,0.9024835,-0.3404559,0.2638439,static,71.06548,-49.25734,4.06748,-0.2209685
380,05/05/2023 15:39:42.780778,587,True,True,True,True,Eyes,0.3041096,-0.02438654,-2.981985,0.8871132,-0.3522958,0.298191,0.0,0.0,0.0,0.0,0.0,0.0,0.0,-2.794851,0.1479698,0.5525837,0.188982,-0.01596037,-2.846482,0.1294339,0.595959,-0.1127406,0.7844549,19.72145,74.20948,358.624,0.1151635,-0.008559426,-0.9933094,0.0,0.0,0.0,1.624057,-0.5361391,-2.581104,0.1020715,-0.006782353,1.468218,0.2642449,-0.02260526,-0.9641908,0.3311546,0.9410728,0.06869256,0.905821,-0.3374478,0.2561595,static,71.42063,-49.75468,3.976843,-0.2646728
381,05/05/2023 15:39:42.793124,588,True,True,True,True,Eyes,0.299478,-0.02412916,-2.975704,0.8890145,-0.3521008,0.2927085,0.0,0.0,0.0,0.0,0.0,0.0,0.0,-2.791429,0.1560914,0.5357411,0.1852285,-0.01567121,-2.840581,0.131025,0.5983474,-0.1117029,0.7825185,19.79972,74.61462,358.9025,0.1137935,-0.008517108,-0.9934677,0.0,0.0,0.0,1.624057,-0.5361391,-2.581104,0.09969926,-0.007390074,1.471211,0.2590058,-0.01802223,-0.9657075,0.331616,0.9407098,0.07138471,0.907164,-0.3387332,0.2496257,static,71.77584,-50.26256,3.876823,-0.2878013
382,05/05/2023 15:39:42.813188,589,True,True,True,True,Eyes,0.2949236,-0.02385821,-2.969435,0.8909251,-0.3518129,0.2871936,0.0,0.0,0.0,0.0,0.0,0.0,0.0,-2.787977,0.1535831,0.5209105,0.1821543,-0.01486867,-2.834493,0.1311486,0.6006894,-0.1116994,0.7807019,19.81408,74.97173,358.9738,0.1124285,-0.008472245,-0.9936234,0.0,0.0,0.0,1.624057,-0.5361391,-2.581104,0.09957498,-0.003975771,1.474595,0.2533911,-0.01684866,-0.9672171,0.3319669,0.9406466,0.07058269,0.9086203,-0.3389691,0.2439447,static,72.13305,-50.77439,3.863149,-0.1544793
383,05/05/2023 15:39:42.823121,590,True,True,True,True,Eyes,0.2904437,-0.02358148,-2.963161,0.892845,-0.3513919,0.2816938,0.0,0.0,0.0,0.0,0.0,0.0,0.0,-2.784629,0.1433505,0.50718,0.1793633,-0.01430067,-2.82835,0.1292205,0.6032434,-0.1114978,0.7790815,19.62528,75.3137,358.9154,0.1110698,-0.008424601,-0.9937766,0.0,0.0,0.0,1.624057,-0.5361391,-2.581104,0.1005107,0.001326531,1.477905,0.2473315,-0.01782892,-0.968767,0.3296345,0.9417406,0.066826,0.9111358,-0.3358672,0.2387991,static,72.48945,-51.28255,3.890631,0.05142727
384,05/05/2023 15:39:42.842887,591,True,True,True,True,Eyes,0.2860392,-0.02329284,-2.956901,0.8947226,-0.3508758,0.2763285,0.0,0.0,0.0,0.0,0.0,0.0,0.0,-2.780924,0.1309807,0.4937871,0.176602,-0.01393272,-2.821903,0.1267837,0.6058217,-0.111367,0.7774981,19.39539,75.64795,358.8119,0.1097189,-0.008374226,-0.993927,0.0,0.0,0.0,1.624057,-0.5361391,-2.581104,0.09758842,-0.006661065,1.480778,0.241155,-0.01955864,-0.9702895,0.3267919,0.9430466,0.06221107,0.9138113,-0.3320852,0.233812,static,72.83708,-51.77817,3.770539,-0.2577351
385,05/05/2023 15:39:42.863120,592,True,True,True,True,Eyes,0.281718,-0.02300914,-2.950628,0.8966025,-0.3501764,0.2710727,0.0,0.0,0.0,0.0,0.0,0.0,0.0,-2.776304,0.1195996,0.4849241,0.1738298,-0.01339367,-2.815479,0.1246209,0.6076991,-0.1114676,0.7763675,19.20692,75.88196,358.6884,0.1083771,-0.008320966,-0.9940748,0.0,0.0,0.0,1.624057,-0.5361391,-2.581104,0.09537697,-0.009532265,1.484801,0.2365537,-0.02161568,-0.971378,0.3245436,0.9440892,0.05802567,0.9158133,-0.3289807,0.230343,static,73.17819,-52.25643,3.675376,-0.3678279
386,05/05/2023 15:39:42.881170,593,True,True,True,True,Eyes,0.2774802,-0.02274039,-2.944399,0.8984424,-0.3493587,0.2659884,0.0,0.0,0.0,0.0,0.0,0.0,0.0,-2.771094,0.1077479,0.4783216,0.1714592,-0.01329096,-2.808877,0.1215723,0.6093295,-0.1109127,0.7756519,18.8905,76.06342,358.5523,0.1070449,-0.008265205,-0.9942197,0.0,0.0,0.0,1.624057,-0.5361391,-2.581104,0.09519443,-0.0003597885,1.488252,0.2328317,-0.02390412,-0.9722232,0.3202146,0.9458371,0.05343082,0.9182875,-0.3237604,0.2278753,static,73.50835,-52.71574,3.659877,-0.01385139
387,05/05/2023 15:39:42.892869,594,True,True,True,True,Eyes,0.2733234,-0.02247017,-2.938165,0.9002419,-0.3485351,0.2609365,0.0,0.0,0.0,0.0,0.0,0.0,0.0,-2.766338,0.09713542,0.4707022,0.1689331,-0.01340667,-2.80266,0.1192829,0.6109813,-0.1109236,0.7747059,18.68487,76.2632,358.4207,0.1057236,-0.008207658,-0.9943615,0.0,0.0,0.0,1.624057,-0.5361391,-2.581104,0.09439865,-0.01644946,1.490523,0.2287955,-0.02610716,-0.9731243,0.3176256,0.9469351,0.04927376,0.9201992,-0.3203628,0.2249468,static,73.83569,-53.17904,3.623849,-0.6322922
388,05/05/2023 15:39:42.913251,595,True,True,True,True,Eyes,0.2692617,-0.0221854,-2.931924,0.9021702,-0.3472001,0.25601,0.0,0.0,0.0,0.0,0.0,0.0,0.0,-2.761971,0.0861274,0.4596636,0.1666785,-0.01312405,-2.79629,0.117856,0.6129459,-0.1117525,0.7732521,18.61826,76.52573,358.2859,0.1044144,-0.008148417,-0.9945003,0.0,0.0,0.0,1.624057,-0.5361391,-2.581104,0.0977312,-0.01884267,1.493923,0.2236175,-0.02834696,-0.9742648,0.3173045,0.9472426,0.04526839,0.921582,-0.3192613,0.2208146,static,74.15758,-53.59657,3.742909,-0.7226264
389,05/05/2023 15:39:42.923592,596,True,True,True,True,Eyes,0.2652891,-0.02191204,-2.925666,0.90414,-0.3456778,0.2510731,0.0,0.0,0.0,0.0,0.0,0.0,0.0,-2.758103,0.07277065,0.4463487,0.164878,-0.01257935,-2.790038,0.1149143,0.6154535,-0.1113431,0.7717605,18.32614,76.84625,358.1641,0.1031191,-0.008087143,-0.9946359,0.0,0.0,0.0,1.624057,-0.5361391,-2.581104,0.1005431,-0.005887032,1.497332,0.2176393,-0.0304116,-0.9755553,0.3133092,0.9487948,0.0403196,0.9243757,-0.3144256,0.2160233,static,74.48042,-54.0083,3.841539,-0.2252675
390,05/05/2023 15:39:42.943447,597,True,True,True,True,Eyes,0.2614022,-0.02164693,-2.919382,0.9061729,-0.3438488,0.2462089,0.0,0.0,0.0,0.0,0.0,0.0,0.0,-2.753732,0.06275497,0.4319971,0.1629751,-0.01263997,-2.783322,0.1118084,0.6180908,-0.11002,0.7702975,17.95418,77.18978,358.1157,0.1018388,-0.008024391,-0.9947683,0.0,0.0,0.0,1.624057,-0.5361391,-2.581104,0.1032005,-0.006149843,1.500345,0.2117188,-0.03128082,-0.9768299,0.3077118,0.9507889,0.03624676,0.9276252,-0.3082562,0.2109254,static,74.79958,-54.39588,3.934864,-0.2348514
391,05/05/2023 15:39:42.963374,598,True,True,True,True,Eyes,0.2576171,-0.02139686,-2.913081,0.9082221,-0.341896,0.241329,0.0,0.0,0.0,0.0,0.0,0.0,0.0,-2.74915,0.05709027,0.4178653,0.1611336,-0.01263216,-2.776612,0.1098797,0.6204821,-0.108865,0.7688152,17.70114,77.52067,358.133,0.1005742,-0.007960546,-0.9948975,0.0,0.0,0.0,1.624057,-0.5361391,-2.581104,0.1064551,-0.003411386,1.503591,0.2063006,-0.03103742,-0.9779964,0.303751,0.9521497,0.03385675,0.9301481,-0.304052,0.2058567,static,75.11945,-54.78345,4.049818,-0.1299939
693,05/05/2023 15:39:47.993911,900,True,True,True,True,Eyes,1.931382,0.02238611,-2.073833,-0.49048,0.2277554,-0.841164,0.5917044,1.641163,0.15715,-2.571553,0.6468638,-0.5379979,0.5404863,0.02026719,-0.0361585,0.6072654,2.061442,0.02491264,-2.151591,-0.03235129,0.9196505,0.1646349,-0.3550942,343.7495,223.7411,349.4107,0.67514,0.00751393,-0.737651,0.0,0.0,0.0,1.63146,0.1652203,-2.579661,0.04261105,0.01442812,0.6473645,-0.7457231,-0.1764256,0.6424727,0.05741804,0.9436975,0.3257886,-0.6637774,0.2798376,-0.693607,static,30.24632,-15.15027,3.76591,1.276767
694,05/05/2023 15:39:48.013535,901,True,True,True,True,Eyes,1.936676,0.02266492,-2.077714,-0.500874,0.2284294,-0.8348324,0.5906319,1.640844,0.1575826,-2.570793,0.6255741,-0.5091447,0.5911251,0.01676655,-0.03605018,0.6061277,2.064536,0.02516874,-2.156157,-0.03067756,0.9167976,0.1645431,-0.3625835,343.7721,224.6628,349.4638,0.6757777,0.007552408,-0.7370664,0.0,0.0,0.0,1.63146,0.1652203,-2.579661,0.04315099,0.0131205,0.6473996,-0.7351843,-0.1755715,0.6547357,0.06307099,0.943969,0.3239518,-0.6749269,0.279459,-0.6829176,static,30.96248,-15.30288,3.813283,1.161024
695,05/05/2023 15:39:48.023324,902,True,True,True,True,Eyes,1.941891,0.02294743,-2.081616,-0.511261,0.2289503,-0.8283683,0.5896625,1.64042,0.1579508,-2.570074,0.5973046,-0.4845968,0.6390564,0.01373598,-0.03363536,0.6054616,2.067936,0.02558961,-2.160667,-0.02931535,0.914306,0.162294,-0.3699268,344.033,225.5199,349.5924,0.6763836,0.007595081,-0.7365101,0.0,0.0,0.0,1.63146,0.1652203,-2.579661,0.04407553,0.01098099,0.6473075,-0.7245896,-0.1736802,0.6669371,0.06646735,0.9456025,0.3184617,-0.6859679,0.2750836,-0.6736298,static,31.68249,-15.45011,3.895289,0.9718784
696,05/05/2023 15:39:48.042872,903,True,True,True,True,Eyes,1.947018,0.0232473,-2.085519,-0.5212948,0.2293212,-0.8219875,0.5888233,1.640067,0.158277,-2.569525,0.5737875,-0.4628469,0.675678,0.01129317,-0.03183098,0.6049559,2.07141,0.02601445,-2.165096,-0.02705191,0.9119462,0.160116,-0.3768094,344.2377,226.3122,349.8254,0.6769587,0.00764164,-0.735981,0.0,0.0,0.0,1.63146,0.1652203,-2.579661,0.04455099,0.008532286,0.6469183,-0.7145659,-0.1700062,0.6785969,0.07132665,0.9472622,0.3124211,-0.6959226,0.2716475,-0.6647552,static,32.38239,-15.58824,3.939538,0.7556373
697,05/05/2023 15:39:48.063077,904,True,True,True,True,Eyes,1.952083,0.02356977,-2.089443,-0.531202,0.2297276,-0.8155058,0.5880398,1.639715,0.1586587,-2.568993,0.5503719,-0.4374382,0.711153,0.01003379,-0.03166106,0.6044493,2.0751,0.02693109,-2.169556,-0.02399762,0.9096788,0.1587035,-0.3830429,344.3147,227.0341,350.1173,0.6775038,0.007692247,-0.7354788,0.0,0.0,0.0,1.63146,0.1652203,-2.579661,0.04457787,0.006145,0.6466607,-0.7054046,-0.1652407,0.6892751,0.07792022,0.9484746,0.3071226,-0.7045091,0.2703541,-0.6561828,static,33.07931,-15.7325,3.943474,0.5444463
698,05/05/2023 15:39:48.073001,905,True,True,True,True,Eyes,1.957085,0.02389698,-2.093392,-0.5406178,0.2302432,-0.809148,0.5873156,1.639572,0.1591224,-2.568617,0.5408815,-0.4065672,0.7363085,0.009906679,-0.03269324,0.6038876,2.078799,0.02780242,-2.174051,-0.02053339,0.9076246,0.1583295,-0.3882367,344.2486,227.6462,350.4178,0.6780209,0.007747327,-0.7350014,0.0,0.0,0.0,1.63146,0.1652203,-2.579661,0.04498845,0.004815936,0.6460358,-0.6977013,-0.1602119,0.6982443,0.08566547,0.9490203,0.3033512,-0.7112485,0.271464,-0.6484081,static,33.74816,-15.88371,3.983516,0.427109
699,05/05/2023 15:39:48.093141,906,True,True,True,True,Eyes,1.962029,0.02420335,-2.09736,-0.5498216,0.2307224,-0.8027847,0.5866524,1.639475,0.1595572,-2.568316,0.5343025,-0.3775275,0.7563027,0.01100394,-0.03485478,0.603269,2.082552,0.02830986,-2.178796,-0.01602245,0.9057304,0.1588649,-0.3926292,344.0263,228.1671,350.796,0.6785092,0.007806351,-0.73455,0.0,0.0,0.0,1.63146,0.1652203,-2.579661,0.04685512,0.002903327,0.6455209,-0.6911714,-0.153774,0.7061416,0.09572594,0.9490104,0.3003592,-0.7163232,0.2751957,-0.6412087,static,34.40697,-16.03479,4.151533,0.2576946
700,05/05/2023 15:39:48.113213,907,True,True,True,True,Eyes,1.966923,0.02452887,-2.101338,-0.5585693,0.2309708,-0.796651,0.5860586,1.639568,0.1598913,-2.568223,0.5405995,-0.355285,0.7625776,0.01233286,-0.03385317,0.6030604,2.086144,0.02815213,-2.183262,-0.01118531,0.9045081,0.1567908,-0.39643,344.0518,228.5474,351.3537,0.6789728,0.007868476,-0.7341209,0.0,0.0,0.0,1.63146,0.1652203,-2.579661,0.04956892,0.001691014,0.6448579,-0.6854364,-0.1445476,0.7136407,0.1040787,0.9505831,0.2925055,-0.7206557,0.2747687,-0.6365198,static,35.03609,-16.16831,4.395567,0.1502466
701,05/05/2023 15:39:48.123226,908,True,True,True,True,Eyes,1.971763,0.02489936,-2.105318,-0.5670905,0.2312285,-0.7905326,0.5854917,1.639736,0.1602817,-2.568169,0.551824,-0.3292691,0.7662063,0.01440057,-0.03254399,0.602933,2.089828,0.02902546,-2.187401,-0.006537622,0.9037089,0.1535674,-0.3996055,344.1967,228.8259,351.9617,0.679411,0.007933778,-0.7337147,0.0,0.0,0.0,1.63146,0.1652203,-2.579661,0.05244735,0.003527582,0.6448082,-0.6805454,-0.134549,0.720246,0.1109166,0.9527486,0.2827854,-0.7242619,0.2723356,-0.6334651,static,35.65386,-16.30405,4.650082,0.3134475
702,05/05/2023 15:39:48.142998,909,True,True,True,True,Eyes,1.976521,0.02529173,-2.109325,-0.5752207,0.2316819,-0.7845028,0.5849166,1.640065,0.1608064,-2.568194,0.5736488,-0.29426,0.76442,0.01621065,-0.03362866,0.6025547,2.093433,0.03049868,-2.191442,-0.002062642,0.9026009,0.1520847,-0.4027131,344.1642,229.1399,352.4613,0.6798259,0.008003583,-0.7333295,0.0,0.0,0.0,1.63146,0.1652203,-2.579661,0.05425626,0.004405633,0.6442659,-0.6756362,-0.1262165,0.7263509,0.1187695,0.953732,0.2762049,-0.7276056,0.2728823,-0.6293851,static,36.24997,-16.4531,4.813753,0.3917951
703,05/05/2023 15:39:48.163391,910,True,True,True,True,Eyes,1.981223,0.025666,-2.113361,-0.5830505,0.2321152,-0.7785722,0.5843821,1.640498,0.16131,-2.568345,0.6025304,-0.2606678,0.7543272,0.01899484,-0.03774599,0.601138,2.096304,0.03153592,-2.196119,0.002546197,0.9013821,0.1538897,-0.4047493,343.7704,229.3881,352.8214,0.6802172,0.008078025,-0.7329659,0.0,0.0,0.0,1.63146,0.1652203,-2.579661,0.05519077,2.345443e-05,0.6436396,-0.6723433,-0.1199833,0.7304512,0.1291637,0.952623,0.2753657,-0.7288839,0.279488,-0.6249921,static,36.8285,-16.60086,4.901008,0.002087876
704,05/05/2023 15:39:48.173098,911,True,True,True,True,Eyes,1.985853,0.02604172,-2.11741,-0.5904567,0.2324405,-0.7728727,0.5838969,1.641088,0.161763,-2.568688,0.6417778,-0.2304576,0.7314442,0.0225431,-0.03687371,0.6006057,2.09969,0.03149038,-2.200845,0.005179174,0.9009074,0.1529163,-0.4061474,343.7557,229.5156,353.1276,0.6805859,0.008156042,-0.7326226,0.0,0.0,0.0,1.63146,0.1652203,-2.579661,0.05564412,-0.006113008,0.6427115,-0.6700349,-0.1148812,0.7333863,0.133545,0.9531797,0.2713197,-0.7302184,0.2797337,-0.6233219,static,37.37898,-16.7386,4.948166,-0.5449396
705,05/05/2023 15:39:48.192959,912,True,True,True,True,Eyes,1.990421,0.0264003,-2.121488,-0.5976056,0.2326889,-0.7672831,0.5834642,1.64174,0.1621659,-2.56917,0.6852443,-0.2035973,0.6992772,0.02595511,-0.03492662,0.5999581,2.102827,0.03185081,-2.205494,0.00640767,0.9006554,0.1512037,-0.407328,343.8839,229.6162,353.327,0.6809336,0.008237453,-0.7322986,0.0,0.0,0.0,1.63146,0.1652203,-2.579661,0.05560619,-0.009500504,0.6417691,-0.6680856,-0.1116368,0.735662,0.1347212,0.9541927,0.2671449,-0.7317866,0.277585,-0.6224427,static,37.91357,-16.87063,4.952034,-0.8481228
706,05/05/2023 15:39:48.213470,913,True,True,True,True,Eyes,1.994929,0.02674739,-2.125582,-0.6044359,0.2324202,-0.7619962,0.5831146,1.642473,0.162275,-2.569913,0.7342565,-0.1963544,0.6498556,0.02897686,-0.0334896,0.5992978,2.105909,0.03182117,-2.210291,0.007676744,0.9002511,0.1499709,-0.4086537,343.9607,229.7461,353.5028,0.681259,0.008320925,-0.7319949,0.0,0.0,0.0,1.63146,0.1652203,-2.579661,0.05425104,-0.01408413,0.6404302,-0.6658866,-0.1087504,0.7380845,0.1363944,0.9548995,0.2637488,-0.7334793,0.2762973,-0.6210219,static,38.4224,-16.96249,4.841984,-1.259827
707,05/05/2023 15:39:48.223795,914,True,True,True,True,Eyes,1.99938,0.02708178,-2.129707,-0.6110719,0.232044,-0.7568002,0.5828467,1.643219,0.1623279,-2.570805,0.7838345,-0.192804,0.5902796,0.03142157,-0.03132848,0.5989736,2.109172,0.03198214,-2.214946,0.008321528,0.8997971,0.1480207,-0.4103485,344.1448,229.9164,353.6433,0.6815645,0.008406338,-0.7317085,0.0,0.0,0.0,1.63146,0.1652203,-2.579661,0.05366126,-0.01885094,0.6388541,-0.6630899,-0.1065048,0.7409243,0.1364556,0.9560412,0.2595478,-0.7359973,0.2732067,-0.6194081,static,38.91885,-17.04617,4.801352,-1.69016
708,05/05/2023 15:39:48.243247,915,True,True,True,True,Eyes,2.003768,0.02741285,-2.13385,-0.6174982,0.2313893,-0.7517678,0.5827017,1.643951,0.1622438,-2.571906,0.8327164,-0.1984224,0.5169253,0.03376096,-0.02944829,0.598543,2.112307,0.03204584,-2.219837,0.008801304,0.8992795,0.1463766,-0.4120593,344.3048,230.0977,353.7503,0.6818498,0.008492755,-0.7314407,0.0,0.0,0.0,1.63146,0.1652203,-2.579661,0.05429941,-0.0218139,0.6370289,-0.6602597,-0.104802,0.7436897,0.1364613,0.9569928,0.2560137,-0.7385365,0.2705202,-0.6175624,static,39.39951,-17.10803,4.872033,-1.961224
709,05/05/2023 15:39:48.263215,916,True,True,True,True,Eyes,2.008104,0.02773192,-2.138037,-0.6237404,0.2307564,-0.7467927,0.5826967,1.644653,0.1621929,-2.573191,0.8793862,-0.2017922,0.4312306,0.03624713,-0.02861433,0.5981957,2.11554,0.03238705,-2.224786,0.00900006,0.8986962,0.1455813,-0.4136065,344.3886,230.2792,353.7859,0.6821156,0.00857993,-0.7311912,0.0,0.0,0.0,1.63146,0.1652203,-2.579661,0.05615032,-0.02459763,0.6349283,-0.6576976,-0.1042501,0.7460335,0.1366034,0.9574502,0.2542218,-0.7407925,0.2691118,-0.6154718,static,39.8695,-17.17098,5.053843,-2.218575
710,05/05/2023 15:39:48.273259,917,True,True,True,True,Eyes,2.012395,0.02803053,-2.142279,-0.6299888,0.2300766,-0.7417404,0.5828137,1.645229,0.1621223,-2.574575,0.9178395,-0.2065151,0.3390017,0.03868398,-0.02839145,0.5977684,2.118641,0.03241584,-2.230066,0.009135122,0.8979205,0.145691,-0.4152464,344.3819,230.4926,353.7654,0.6823621,0.008667343,-0.7309597,0.0,0.0,0.0,1.63146,0.1652203,-2.579661,0.05735883,-0.03126632,0.6323522,-0.6549742,-0.1045901,0.7483783,0.1374005,0.9573814,0.2540512,-0.7430546,0.2692245,-0.6126894,static,40.34253,-17.2331,5.18295,-2.830654
711,05/05/2023 15:39:48.293164,918,True,True,True,True,Eyes,2.01663,0.02830097,-2.146568,-0.6361347,0.2293695,-0.7366968,0.5831115,1.645693,0.162049,-2.576144,0.9488643,-0.2114232,0.2344286,0.04048985,-0.0284874,0.5975777,2.121723,0.03220823,-2.23543,0.009722419,0.8968813,0.1459884,-0.4173691,344.3367,230.7676,353.774,0.6825894,0.008754234,-0.730746,0.0,0.0,0.0,1.63146,0.1652203,-2.579661,0.05566865,-0.03268802,0.6305022,-0.6514172,-0.1044224,0.7514998,0.1393018,0.9571857,0.2537529,-0.7458224,0.2699842,-0.608981,static,40.81048,-17.2939,5.045707,-2.96781
712,05/05/2023 15:39:48.313178,919,True,True,True,True,Eyes,2.0208,0.02854649,-2.15088,-0.6422533,0.2286593,-0.7315912,0.5835827,1.645992,0.1619881,-2.577824,0.9688016,-0.2154825,0.1224363,0.04150748,-0.02728642,0.5976146,2.124694,0.031818,-2.240911,0.01027889,0.8956996,0.1451926,-0.4201617,344.4109,231.1074,353.8258,0.6827977,0.008839665,-0.7305501,0.0,0.0,0.0,1.63146,0.1652203,-2.579661,0.05205703,-0.02711608,0.6295395,-0.646717,-0.1035952,0.755662,0.1404223,0.9576269,0.2514603,-0.7496923,0.2687355,-0.6047665,static,41.27943,-17.35667,4.727071,-2.46637
713,05/05/2023 15:39:48.332911,920,True,True,True,True,Eyes,2.024923,0.02876024,-2.15525,-0.6483214,0.2279232,-0.7264506,0.584318,1.646097,0.1619399,-2.579728,0.9757848,-0.218687,-0.004466162,0.04203627,-0.02692115,0.598069,2.127804,0.03154966,-2.246358,0.01125498,0.8942557,0.1447029,-0.4233692,344.4349,231.5034,353.8983,0.6829872,0.008922919,-0.7303718,0.0,0.0,0.0,1.63146,0.1652203,-2.579661,0.04871002,-0.03104398,0.6276144,-0.6412641,-0.1023958,0.7604578,0.1426551,0.9578688,0.2492727,-0.7539433,0.2683327,-0.5996395,static,41.74734,-17.4192,4.437908,-2.831739
714,05/05/2023 15:39:48.343421,921,True,True,True,True,Eyes,2.029018,0.02894037,-2.159683,-0.6545307,0.2271879,-0.7210931,0.5852637,1.645945,0.1619052,-2.581712,0.9656347,-0.2209979,-0.136783,0.04239801,-0.02570737,0.5987132,2.130892,0.03101455,-2.252153,0.01145593,0.8926824,0.1440859,-0.4268799,344.5126,231.9457,353.8907,0.683158,0.009003109,-0.730211,0.0,0.0,0.0,1.63146,0.1652203,-2.579661,0.04489455,-0.03804494,0.6259881,-0.6352849,-0.1025617,0.7654374,0.1434678,0.958216,0.2474653,-0.7588349,0.2670265,-0.5940259,static,42.22979,-17.48758,4.102109,-3.477921
715,05/05/2023 15:39:48.363269,922,True,True,True,True,Eyes,2.033091,0.02909327,-2.164184,-0.6606637,0.2263226,-0.7157524,0.5868915,1.645353,0.1619201,-2.584253,0.9262155,-0.2200108,-0.3061372,0.04292491,-0.02452444,0.6002569,2.134318,0.03040088,-2.258111,0.01090812,0.8910875,0.1438329,-0.430298,344.5901,232.3924,353.7865,0.6833105,0.009079378,-0.7300674,0.0,0.0,0.0,1.63146,0.1652203,-2.579661,0.04036838,-0.03399781,0.6251488,-0.6294492,-0.1043418,0.7700042,0.1432222,0.9583862,0.2469478,-0.7637284,0.2657228,-0.5883114,static,42.70806,-17.54708,3.69469,-3.112881
716,05/05/2023 15:39:48.372962,923,True,True,True,True,Eyes,2.037137,0.02924288,-2.168744,-0.6669658,0.2255181,-0.7101395,0.5894884,1.643968,0.1621832,-2.587363,0.8338718,-0.202467,-0.5134832,0.04430002,-0.02186247,0.6028634,2.137938,0.0299395,-2.264269,0.0100323,0.8898729,0.1422687,-0.433342,344.8174,232.7663,353.7273,0.683445,0.009151173,-0.7299408,0.0,0.0,0.0,1.63146,0.1652203,-2.579661,0.03551286,-0.03043598,0.6247255,-0.6242284,-0.105447,0.7740932,0.1411569,0.9593179,0.2445072,-0.7683842,0.2618969,-0.5839489,static,43.20431,-17.61822,3.253509,-2.789186
717,05/05/2023 15:39:48.392881,924,True,True,True,True,Eyes,2.041144,0.02937212,-2.173377,-0.6731609,0.2249306,-0.7044576,0.0,0.0,0.0,0.0,0.0,0.0,0.0,3.09591,0.2160617,0.331738,2.141444,0.03003301,-2.270398,0.01077921,0.8884403,0.1418995,-0.4363741,344.8382,233.1472,353.7732,0.6835617,0.009218808,-0.7298308,0.0,0.0,0.0,1.63146,0.1652203,-2.579661,0.03022113,-0.03136181,0.6236943,-0.6189231,-0.1046892,0.7784437,0.1429959,0.9594966,0.242731,-0.7723255,0.261546,-0.5788846,static,43.69858,-17.70808,2.7741,-2.878633
718,05/05/2023 15:39:48.413023,925,True,True,True,True,Eyes,2.045098,0.02947466,-2.178063,-0.6794686,0.2245979,-0.6984828,0.0,0.0,0.0,0.0,0.0,0.0,0.0,3.101273,0.2028049,0.353539,2.144583,0.02962794,-2.276819,0.01332614,0.8864804,0.143481,-0.4397592,344.5673,233.5979,353.8919,0.6836606,0.009281998,-0.7297376,0.0,0.0,0.0,1.63146,0.1652203,-2.579661,0.0253213,-0.03143705,0.6226214,-0.6128684,-0.1025675,0.7834998,0.1498209,0.9584712,0.2426656,-0.7758517,0.2661068,-0.5720501,static,44.20943,-17.82525,2.328871,-2.890492
719,05/05/2023 15:39:48.423301,926,True,True,True,True,Eyes,2.049017,0.02955264,-2.18283,-0.6857417,0.2243041,-0.6924204,0.0,0.0,0.0,0.0,0.0,0.0,0.0,3.105906,0.1921486,0.3792253,2.147726,0.02911501,-2.283375,0.01517329,0.8843052,0.1446207,-0.4436881,344.3808,234.1197,353.9504,0.6837417,0.009340282,-0.7296611,0.0,0.0,0.0,1.63146,0.1652203,-2.579661,0.02087066,-0.03174101,0.621588,-0.6058215,-0.1014973,0.7891001,0.1551686,0.9577093,0.2423132,-0.7803226,0.269242,-0.5644516,static,44.72234,-17.94932,1.923061,-2.923234
720,05/05/2023 15:39:48.442992,927,True,True,True,True,Eyes,2.052902,0.02961214,-2.187669,-0.6923047,0.2240913,-0.685928,0.0,0.0,0.0,0.0,0.0,0.0,0.0,3.109807,0.1870985,0.4076464,2.150899,0.02859605,-2.290174,0.01571909,0.8820691,0.1449918,-0.4479784,344.3435,234.6877,353.9087,0.6838048,0.009393313,-0.7296016,0.0,0.0,0.0,1.63146,0.1652203,-2.579661,0.01651898,-0.03230495,0.6206518,-0.5981368,-0.1021757,0.7948539,0.157637,0.9574606,0.2417019,-0.7857374,0.2698691,-0.5565857,static,45.26509,-18.09211,1.524598,-2.979559
721,05/05/2023 15:39:48.463407,928,True,True,True,True,Eyes,2.056759,0.02964417,-2.192596,-0.6988428,0.2239227,-0.6793212,0.0,0.0,0.0,0.0,0.0,0.0,0.0,3.113361,0.1831912,0.4380653,2.154259,0.02822774,-2.297139,0.01615046,0.8796372,0.1457965,-0.4524614,344.2696,235.2938,353.8259,0.6838499,0.009440987,-0.7295589,0.0,0.0,0.0,1.63146,0.1652203,-2.579661,0.0125722,-0.03040984,0.6200656,-0.5900361,-0.1035214,0.8007128,0.1603476,0.9569651,0.2418811,-0.7912942,0.2711109,-0.5480446,static,45.81154,-18.24362,1.161547,-2.807703
722,05/05/2023 15:39:48.473434,929,True,True,True,True,Eyes,2.060584,0.02966114,-2.197586,-0.7056949,0.2236727,-0.6722835,0.0,0.0,0.0,0.0,0.0,0.0,0.0,3.116444,0.1781939,0.4705412,2.157542,0.02759036,-2.304265,0.01666729,0.8770474,0.1463609,-0.4572621,344.2183,235.9378,353.7589,0.6838769,0.009482914,-0.7295332,0.0,0.0,0.0,1.63146,0.1652203,-2.579661,0.009385109,-0.02903447,0.6195701,-0.5812671,-0.1046146,0.8069598,0.1630866,0.9566014,0.2414883,-0.7972022,0.2719736,-0.5389797,static,46.38896,-18.40259,0.8678372,-2.683048
723,05/05/2023 15:39:48.493818,930,True,True,True,True,Eyes,2.064385,0.02966065,-2.202669,-0.7125488,0.2234119,-0.6651025,0.0,0.0,0.0,0.0,0.0,0.0,0.0,3.11879,0.171417,0.5066941,2.160998,0.02732071,-2.311346,0.01679447,0.8743429,0.1454221,-0.4627038,344.3453,236.6389,353.7274,0.6838862,0.009519164,-0.7295243,0.0,0.0,0.0,1.63146,0.1652203,-2.579661,0.007420421,-0.02935696,0.6190391,-0.5712461,-0.1052064,0.8140081,0.1639429,0.9571408,0.2387558,-0.8042389,0.2698392,-0.5295151,static,46.97249,-18.56751,0.6867716,-2.715129
724,05/05/2023 15:39:48.513218,931,True,True,True,True,Eyes,2.068175,0.02963226,-2.207837,-0.7195781,0.2231878,-0.6575671,0.0,0.0,0.0,0.0,0.0,0.0,0.0,3.120889,0.1603849,0.5440967,2.164332,0.02690877,-2.318761,0.01777092,0.8713989,0.1448897,-0.4683536,344.3857,237.3706,353.756,0.6838775,0.009549716,-0.7295322,0.0,0.0,0.0,1.63146,0.1652203,-2.579661,0.006878734,-0.03095118,0.6184735,-0.5606585,-0.1047481,0.8213953,0.1666904,0.9573823,0.2358674,-0.811096,0.2691597,-0.519304,static,47.57821,-18.74796,0.6372241,-2.864947
725,05/05/2023 15:39:48.523339,932,True,True,True,True,Eyes,2.071958,0.02957531,-2.213104,-0.7265712,0.2228206,-0.649958,0.0,0.0,0.0,0.0,0.0,0.0,0.0,3.122825,0.1497012,0.5810351,2.167976,0.02623024,-2.326209,0.0186887,0.8685051,0.1442123,-0.4738697,344.4422,238.0843,353.7898,0.6838511,0.009574208,-0.7295568,0.0,0.0,0.0,1.63146,0.1652203,-2.579661,0.007661492,-0.03365523,0.6178432,-0.5501965,-0.1042132,0.8285066,0.1691381,0.9577071,0.2327862,-0.8177261,0.2682102,-0.5093006,static,48.18562,-18.9229,0.7104532,-3.117941
726,05/05/2023 15:39:48.543083,933,True,True,True,True,Eyes,2.075754,0.02952067,-2.218457,-0.7336643,0.2223902,-0.6420897,0.0,0.0,0.0,0.0,0.0,0.0,0.0,3.12511,0.1414046,0.6146195,2.171679,0.02552979,-2.333929,0.01886257,0.8660277,0.1421971,-0.4789784,344.6709,238.722,353.8364,0.6838072,0.009592297,-0.7295979,0.0,0.0,0.0,1.63146,0.1652203,-2.579661,0.008957773,-0.03297714,0.6176487,-0.5404477,-0.1035477,0.8349814,0.1688897,0.9588484,0.2282237,-0.8242526,0.2643627,-0.5007192,static,48.80817,-19.10372,0.8309037,-3.056201
727,05/05/2023 15:39:48.563121,934,True,True,True,True,Eyes,2.079552,0.02944905,-2.223907,-0.7406225,0.221936,-0.6342104,0.0,0.0,0.0,0.0,0.0,0.0,0.0,3.127744,0.1395866,0.6441846,2.175856,0.02554484,-2.341419,0.01808186,0.8639063,0.1405564,-0.4833042,344.9102,239.2736,353.7794,0.6837464,0.00960469,-0.7296548,0.0,0.0,0.0,1.63146,0.1652203,-2.579661,0.01109153,-0.03200655,0.617552,-0.5321802,-0.1046209,0.840142,0.167105,0.9598339,0.225377,-0.8299759,0.2603331,-0.493322,static,49.42587,-19.28702,1.028949,-2.966877
728,05/05/2023 15:39:48.573333,935,True,True,True,True,Eyes,2.083381,0.02941142,-2.229479,-0.7476962,0.2213359,-0.6260678,0.0,0.0,0.0,0.0,0.0,0.0,0.0,3.130937,0.137803,0.6702437,2.179729,0.02507425,-2.349284,0.01796428,0.8618314,0.1404225,-0.4870376,344.9572,239.7747,353.7093,0.6836689,0.009611393,-0.7297274,0.0,0.0,0.0,1.63146,0.1652203,-2.579661,0.01313871,-0.03360797,0.6172368,-0.5249435,-0.1058177,0.8445337,0.1677464,0.9599176,0.2245424,-0.8344433,0.2595395,-0.486152,static,50.05959,-19.47021,1.219433,-3.116625
729,05/05/2023 15:39:48.593443,936,True,True,True,True,Eyes,2.087203,0.0293928,-2.235155,-0.7546297,0.2208575,-0.617864,0.0,0.0,0.0,0.0,0.0,0.0,0.0,3.133369,0.146337,0.6971619,2.183834,0.02578607,-2.357043,0.01552897,0.8599742,0.1389208,-0.4908201,345.275,240.2722,353.4895,0.683575,0.009614075,-0.7298153,0.0,0.0,0.0,1.63146,0.1652203,-2.579661,0.01633701,-0.0383044,0.6158913,-0.5177091,-0.1096613,0.8484998,0.1630793,0.9609197,0.2236928,-0.8398707,0.2541805,-0.4795934,static,50.6906,-19.6696,1.51946,-3.558838
730,05/05/2023 15:39:48.612996,937,True,True,True,True,Eyes,2.09105,0.02936338,-2.240966,-0.7616084,0.22058,-0.6093415,0.0,0.0,0.0,0.0,0.0,0.0,0.0,3.135469,0.1476128,0.7264686,2.187554,0.02618927,-2.365298,-0.01541062,-0.8573729,-0.1409812,0.4947713,345.1081,240.8558,353.2803,0.6834646,0.00961375,-0.7299187,0.0,0.0,0.0,1.63146,0.1652203,-2.579661,0.02054948,-0.03784125,0.615443,-0.5099279,-0.1130816,0.8527521,0.1659322,0.9597736,0.2264975,-0.8440617,0.2569965,-0.4706515,static,51.33768,-19.90012,1.91238,-3.51847
731,05/05/2023 15:39:48.623092,938,True,True,True,True,Eyes,2.09489,0.02935238,-2.246871,-0.7684318,0.2201638,-0.6008664,0.0,0.0,0.0,0.0,0.0,0.0,0.0,3.138767,0.1447401,0.75125,2.191516,0.02573275,-2.373559,-0.01596905,-0.8551759,-0.1423304,0.498158,344.9688,241.3427,353.1916,0.6833378,0.009610342,-0.7300373,0.0,0.0,0.0,1.63146,0.1652203,-2.579661,0.0247646,-0.03619959,0.6148587,-0.5031673,-0.1144933,0.8565711,0.1691187,0.9589742,0.2275248,-0.8474795,0.2593452,-0.4631613,static,51.97678,-20.12337,2.306449,-3.36938
732,05/05/2023 15:39:48.643508,939,True,True,True,True,Eyes,2.098746,0.02935856,-2.25292,-0.7753232,0.2200489,-0.5919902,0.0,0.0,0.0,0.0,0.0,0.0,0.0,3.141406,0.1534456,0.7749121,2.195235,0.02618987,-2.381748,-0.01399611,-0.8533869,-0.141888,0.5014009,345.1549,241.7898,352.9644,0.6831946,0.009604755,-0.7301713,0.0,0.0,0.0,1.63146,0.1652203,-2.579661,0.02879593,-0.03475028,0.6142435,-0.4968027,-0.1183973,0.8597496,0.1661737,0.9593439,0.2281354,-0.851806,0.256206,-0.45693,static,52.63682,-20.39062,2.684079,-3.238006
733,05/05/2023 15:39:48.663214,940,True,True,True,True,Eyes,2.102581,0.02933744,-2.259068,-0.7821285,0.2198909,-0.5830293,0.0,0.0,0.0,0.0,0.0,0.0,0.0,3.142307,0.1557678,0.8050654,2.198642,0.02633991,-2.38993,-0.01391368,-0.8506044,-0.1446268,0.5053332,344.9239,242.3938,352.7115,0.6830348,0.009597738,-0.7303208,0.0,0.0,0.0,1.63146,0.1652203,-2.579661,0.03234977,-0.03246625,0.6139039,-0.4888897,-0.1224994,0.8637019,0.1698395,0.957779,0.2319783,-0.8556527,0.2601025,-0.4474429,static,53.29771,-20.66409,3.016421,-3.027261
734,05/05/2023 15:39:48.683441,941,True,True,True,True,Eyes,2.106479,0.0293417,-2.265403,-0.7897521,0.220151,-0.5725602,0.0,0.0,0.0,0.0,0.0,0.0,0.0,3.141624,0.1598613,0.8411961,2.202111,0.02565745,-2.398545,-0.01289147,-0.8475966,-0.1452042,0.5102249,344.9712,243.0858,352.4845,0.6828581,0.009588541,-0.7304859,0.0,0.0,0.0,1.63146,0.1652203,-2.579661,0.03592983,-0.03028964,0.6133626,-0.4790087,-0.12632,0.8686735,0.1700271,0.9574991,0.2329941,-0.861186,0.2593043,-0.4371726,static,54.05837,-21.03189,3.352467,-2.827137
735,05/05/2023 15:39:48.693272,942,True,True,True,True,Eyes,2.110346,0.02936999,-2.271809,-0.7972658,0.2203735,-0.5619633,0.0,0.0,0.0,0.0,0.0,0.0,0.0,3.140043,0.1622847,0.8792989,2.205889,0.02579946,-2.406814,-0.01103011,-0.84478,-0.1426211,0.5156401,345.3839,243.7781,352.3719,0.6826645,0.009578161,-0.7306668,0.0,0.0,0.0,1.63146,0.1652203,-2.579661,0.03978223,-0.02916264,0.6127654,-0.4679877,-0.1284463,0.874351,0.1657183,0.9590751,0.2295918,-0.8680584,0.252342,-0.4275494,static,54.8214,-21.4126,3.714569,-2.724756
736,05/05/2023 15:39:48.713187,943,True,True,True,True,Eyes,2.114136,0.02939938,-2.278189,-0.8047355,0.2206928,-0.5510856,0.0,0.0,0.0,0.0,0.0,0.0,0.0,3.137116,0.1465508,0.9208205,2.208011,0.02725561,-2.41554,-0.01227339,-0.8411019,-0.1416933,0.5218427,345.4534,244.5986,352.4466,0.6824541,0.009567491,-0.7308631,0.0,0.0,0.0,1.63146,0.1652203,-2.579661,0.04357246,-0.02860927,0.6119493,-0.4550589,-0.1272369,0.881324,0.1685296,0.9595447,0.2255474,-0.8743677,0.2511666,-0.4152062,static,55.59653,-21.82458,4.072742,-2.676689
737,05/05/2023 15:39:48.723268,944,True,True,True,True,Eyes,2.117882,0.0294338,-2.284624,-0.8121327,0.2208657,-0.5400546,0.0,0.0,0.0,0.0,0.0,0.0,0.0,3.13275,0.1217869,0.9664721,2.211188,0.02755652,-2.423409,-0.01475552,-0.8371471,-0.139934,0.5285696,345.529,245.4656,352.6886,0.6822278,0.009556622,-0.7310741,0.0,0.0,0.0,1.63146,0.1652203,-2.579661,0.04678756,-0.02832688,0.6111908,-0.4407931,-0.1232247,0.8891104,0.1726348,0.9604015,0.2186921,-0.8808511,0.2498894,-0.4020656,static,56.37676,-22.24305,4.377539,-2.65359
738,05/05/2023 15:39:48.743311,945,True,True,True,True,Eyes,2.121545,0.02944756,-2.290995,-0.8194364,0.2209528,-0.5288703,0.0,0.0,0.0,0.0,0.0,0.0,0.0,3.12656,0.09970209,1.014038,2.213994,0.02776871,-2.431265,-0.01644523,-0.8331242,-0.1369052,0.535622,345.7747,246.3575,352.933,0.6819858,0.00954574,-0.7312996,0.0,0.0,0.0,1.63146,0.1652203,-2.579661,0.04918277,-0.02669362,0.6104885,-0.4256777,-0.119257,0.896982,0.1740607,0.9619731,0.2105011,-0.8879763,0.2457349,-0.3887325,static,57.16151,-22.67432,4.60597,-2.503664
739,05/05/2023 15:39:48.762990,946,True,True,True,True,Eyes,2.125167,0.02944257,-2.297393,-0.8266929,0.2207346,-0.5175471,0.0,0.0,0.0,0.0,0.0,0.0,0.0,3.118574,0.07986033,1.0632,2.216934,0.0275989,-2.438588,-0.01782112,-0.8289607,-0.1338997,0.5427498,346.0344,247.2688,353.1466,0.6817293,0.009534219,-0.7315385,0.0,0.0,0.0,1.63146,0.1652203,-2.579661,0.0511378,-0.02585033,0.609945,-0.4102099,-0.1158021,0.904609,0.1748941,0.9635066,0.2026503,-0.8950641,0.24134,-0.3749868,static,57.95157,-23.09831,4.792472,-2.426824
740,05/05/2023 15:39:48.773285,947,True,True,True,True,Eyes,2.128746,0.02945697,-2.303767,-0.8338965,0.2203545,-0.5060242,0.0,0.0,0.0,0.0,0.0,0.0,0.0,3.108974,0.06949344,1.113049,2.219688,0.02722302,-2.445745,-0.01747315,-0.8249119,-0.1297303,0.5498956,346.5116,248.1717,353.2765,0.681459,0.009521536,-0.7317901,0.0,0.0,0.0,1.63146,0.1652203,-2.579661,0.05283061,-0.02410119,0.6093714,-0.394619,-0.1138487,0.9117644,0.1715039,0.9657295,0.1948154,-0.9026971,0.233249,-0.3615697,static,58.74983,-23.53131,4.954976,-2.264919
741,05/05/2023 15:39:48.793312,948,True,True,True,True,Eyes,2.132277,0.02948709,-2.310169,-0.8410166,0.2200634,-0.49423,0.0,0.0,0.0,0.0,0.0,0.0,0.0,3.096861,0.06882,1.166484,2.222667,0.02785048,-2.452539,-0.01580906,-0.8204497,-0.127063,0.5571962,346.9315,249.1456,353.1811,0.6811758,0.009508447,-0.7320533,0.0,0.0,0.0,1.63146,0.1652203,-2.579661,0.05486199,-0.02221736,0.6090432,-0.378565,-0.115657,0.9183202,0.1675391,0.9672102,0.1908801,-0.9102852,0.2261151,-0.3467749,static,59.55904,-24.00174,5.147254,-2.089174
742,05/05/2023 15:39:48.812908,949,True,True,True,True,Eyes,2.135756,0.0294979,-2.316597,-0.848029,0.2200229,-0.4821168,0.0,0.0,0.0,0.0,0.0,0.0,0.0,3.082642,0.06359327,1.222945,2.225126,0.02823376,-2.459743,-0.01595399,-0.8150406,-0.1289804,0.5646403,346.8051,250.244,352.9409,0.68088,0.009495504,-0.7323281,0.0,0.0,0.0,1.63146,0.1652203,-2.579661,0.05775061,-0.01883121,0.6087724,-0.361854,-0.1196488,0.9245248,0.1716614,0.9662191,0.192232,-0.9162939,0.2282651,-0.3290911,static,60.38114,-24.53047,5.419093,-1.77177
743,05/05/2023 15:39:48.823222,950,True,True,True,True,Eyes,2.139177,0.02949588,-2.323061,-0.8549138,0.2199931,-0.4698143,0.0,0.0,0.0,0.0,0.0,0.0,0.0,3.067466,0.05475435,1.279293,2.227474,0.02773602,-2.467089,-0.01665493,-0.8095521,-0.1304661,0.5721247,346.6855,251.343,352.7789,0.6805717,0.009482091,-0.7326141,0.0,0.0,0.0,1.63146,0.1652203,-2.579661,0.0607447,-0.01828145,0.6082587,-0.3447918,-0.1223197,0.9306753,0.1762518,0.9654024,0.1921807,-0.9219837,0.2302955,-0.3113037,static,61.20919,-25.0916,5.703023,-1.721529
744,05/05/2023 15:39:48.843259,951,True,True,True,True,Eyes,2.142553,0.02949706,-2.329581,-0.8616012,0.2201627,-0.457353,0.0,0.0,0.0,0.0,0.0,0.0,0.0,3.05373,0.04353017,1.329678,2.229575,0.02742398,-2.47456,-0.0174964,-0.8046277,-0.1306079,0.5789732,346.6769,252.3239,352.7335,0.6802509,0.009467859,-0.7329116,0.0,0.0,0.0,1.63146,0.1652203,-2.579661,0.06329304,-0.02040441,0.6074299,-0.3289682,-0.1230807,0.9362859,0.1793931,0.9652709,0.1899215,-0.9271452,0.2304413,-0.2954636,static,62.03986,-25.70545,5.948644,-1.923921
745,05/05/2023 15:39:48.863367,952,True,True,True,True,Eyes,2.145859,0.02950314,-2.336126,-0.8681105,0.220336,-0.4447879,0.0,0.0,0.0,0.0,0.0,0.0,0.0,3.041547,0.0272457,1.374318,2.231657,0.0273745,-2.481825,-0.01922178,-0.800092,-0.1309803,0.5850876,346.5801,253.2066,352.7643,0.6799195,0.009453082,-0.7332198,0.0,0.0,0.0,1.63146,0.1652203,-2.579661,0.06515212,-0.02155288,0.6067384,-0.3146061,-0.1225114,0.9412832,0.1840282,0.9649494,0.1870997,-0.9312125,0.2320854,-0.2810334,static,62.87107,-26.35259,6.128987,-2.034436
746,05/05/2023 15:39:48.873238,953,True,True,True,True,Eyes,2.149105,0.02952195,-2.342745,-0.8744041,0.2206856,-0.4321057,0.0,0.0,0.0,0.0,0.0,0.0,0.0,3.02923,0.01101473,1.417024,2.233363,0.02750058,-2.489105,-0.02074711,-0.7957501,-0.1304307,0.5910494,346.5789,254.0498,352.8444,0.6795738,0.009437848,-0.733541,0.0,0.0,0.0,1.63146,0.1652203,-2.579661,0.0666365,-0.02104001,0.6061379,-0.3004605,-0.1211629,0.9460672,0.187201,0.9651148,0.1830553,-0.935243,0.2321056,-0.2672971,static,63.70272,-27.05437,6.273688,-1.98803
747,05/05/2023 15:39:48.893399,954,True,True,True,True,Eyes,2.152271,0.02955779,-2.349391,-0.8805023,0.2210234,-0.4193618,0.0,0.0,0.0,0.0,0.0,0.0,0.0,3.016147,-0.009877533,1.459392,2.234813,0.02765336,-2.496379,-0.02310362,-0.7912171,-0.1305521,0.5969907,346.457,254.9088,352.9503,0.6792143,0.009422658,-0.7338747,0.0,0.0,0.0,1.63146,0.1652203,-2.579661,0.06806973,-0.02106924,0.6056629,-0.286137,-0.1193168,0.950731,0.1924367,0.9648447,0.1790048,-0.9386661,0.2341754,-0.2531168,static,64.53268,-27.79134,6.412495,-1.992349
748,05/05/2023 15:39:48.913207,955,True,True,True,True,Eyes,2.155362,0.02961252,-2.356093,-0.8862933,0.2214828,-0.4067302,0.0,0.0,0.0,0.0,0.0,0.0,0.0,3.003943,-0.0295212,1.498482,2.236143,0.02810984,-2.50377,-0.02503173,-0.7870975,-0.1293734,0.6025891,346.4775,255.6911,353.1174,0.6788415,0.009408082,-0.7342203,0.0,0.0,0.0,1.63146,0.1652203,-2.579661,0.06916329,-0.02064474,0.6052582,-0.2725198,-0.1165132,0.9550696,0.1953229,0.9652718,0.1734913,-0.9421158,0.2338267,-0.2402981,static,65.34907,-28.57027,6.518954,-1.953543
749,05/05/2023 15:39:48.923224,956,True,True,True,True,Eyes,2.15836,0.02967248,-2.362814,-0.8918489,0.2219673,-0.394127,0.0,0.0,0.0,0.0,0.0,0.0,0.0,2.993516,-0.05209878,1.532257,2.237248,0.02851635,-2.511089,-0.02761478,-0.7833387,-0.1286976,0.6074989,346.3978,256.3868,353.3175,0.6784532,0.009394603,-0.7345796,0.0,0.0,0.0,1.63146,0.1652203,-2.579661,0.06957836,-0.01888647,0.6051629,-0.260365,-0.1131038,0.9588627,0.1996307,0.9653487,0.1680756,-0.944647,0.2351794,-0.2287641,static,66.15835,-29.38765,6.558761,-1.787558
750,05/05/2023 15:39:48.943202,957,True,True,True,True,Eyes,2.161269,0.02974358,-2.369565,-0.8971347,0.222344,-0.381723,0.0,0.0,0.0,0.0,0.0,0.0,0.0,2.984141,-0.07237726,1.562523,2.238081,0.02870784,-2.51833,-0.0299138,-0.7799328,-0.1278053,0.6119444,346.3512,257.0132,353.5147,0.6780508,0.009382342,-0.7349516,0.0,0.0,0.0,1.63146,0.1652203,-2.579661,0.06996998,-0.01794536,0.6049248,-0.2492583,-0.1097579,0.9621971,0.2030809,0.965542,0.1627479,-0.9469045,0.2359702,-0.2183796,static,66.95067,-30.21972,6.597924,-1.699206
751,05/05/2023 15:39:48.963127,958,True,True,True,True,Eyes,2.164078,0.02981466,-2.376327,-0.9022052,0.2227734,-0.3693206,0.5819507,1.639039,0.1594578,-2.591254,0.5052293,-0.3841218,-0.772783,0.0650526,-0.006660821,0.6138222,2.23878,0.02900617,-2.525321,-0.03097918,-0.7765566,-0.1263408,0.6164725,346.4427,257.6454,353.6419,0.6776333,0.009371509,-0.7353371,0.0,0.0,0.0,1.63146,0.1652203,-2.579661,0.07071778,-0.01663359,0.6050847,-0.238004,-0.1076571,0.9652793,0.2038854,0.9661565,0.1580259,-0.9496236,0.2344171,-0.2079994,static,67.7381,-31.09829,6.666061,-1.574646
752,05/05/2023 15:39:48.972902,959,True,True,True,True,Eyes,2.166788,0.0298761,-2.383126,-0.9070507,0.2232026,-0.3569869,0.5804967,1.640248,0.1594445,-2.590355,0.585947,-0.3850799,-0.7130075,0.06583042,-0.007398298,0.6122029,2.239269,0.02906774,-2.532412,-0.03276385,-0.7728959,-0.1263943,0.6209534,346.3454,258.3104,353.7183,0.6771995,0.009361961,-0.735737,0.0,0.0,0.0,1.63146,0.1652203,-2.579661,0.07231447,-0.01337719,0.6052487,-0.226687,-0.1063239,0.9681468,0.207616,0.965902,0.1546897,-0.9515822,0.2360689,-0.1968828,static,68.51694,-32.01528,6.81334,-1.266143
753,05/05/2023 15:39:48.993969,960,True,True,True,True,Eyes,2.169388,0.02992354,-2.389936,-0.9117154,0.2236288,-0.3446231,0.5794365,1.641107,0.1595023,-2.589623,0.643122,-0.3811821,-0.6641493,0.06622106,-0.007843502,0.6109456,2.239537,0.02882162,-2.539571,-0.03422404,-0.7690454,-0.1267543,0.6255648,346.2445,259.008,353.738,0.6767509,0.009353319,-0.73615,0.0,0.0,0.0,1.63146,0.1652203,-2.579661,0.07494703,-0.01060042,0.6057283,-0.214995,-0.1059464,0.9708516,0.2112257,0.9655241,0.1521409,-0.9534994,0.2377783,-0.1852043,static,69.2937,-32.97988,7.053384,-1.00259
754,05/05/2023 15:39:49.012925,961,True,True,True,True,Eyes,2.171882,0.02995633,-2.396779,-0.9161758,0.2240154,-0.3323236,0.5787206,1.641673,0.1595986,-2.589101,0.6808172,-0.3747556,-0.629322,0.06614998,-0.007455127,0.6099331,2.239568,0.02853103,-2.546774,-0.03521554,-0.7650721,-0.1266292,0.6303885,346.222,259.7304,353.7481,0.6762864,0.009345062,-0.736577,0.0,0.0,0.0,1.63146,0.1652203,-2.579661,0.07841925,-0.009170841,0.6058711,-0.2027406,-0.1057663,0.9735039,0.213536,0.9654498,0.149362,-0.9556667,0.2381599,-0.1731509,static,70.06282,-33.98344,7.374921,-0.8671983
755,05/05/2023 15:39:49.023566,962,True,True,True,True,Eyes,2.174257,0.02996111,-2.403628,-0.9204518,0.2244243,-0.3200035,0.5780943,1.642149,0.1596995,-2.58862,0.7125939,-0.3680386,-0.5972918,0.06608622,-0.007636979,0.6090137,2.2395,0.02817958,-2.554009,-0.03684655,-0.76099,-0.1265515,0.6352333,346.1476,260.4594,353.8094,0.6758059,0.00933672,-0.7370182,0.0,0.0,0.0,1.63146,0.1652203,-2.579661,0.08178763,-0.005893711,0.6061306,-0.1902421,-0.1046998,0.9761384,0.2168592,0.9652541,0.1457966,-0.9574863,0.2394212,-0.1609269,static,70.82953,-35.04268,7.684735,-0.557098
756,05/05/2023 15:39:49.043078,963,True,True,True,True,Eyes,2.176527,0.02993959,-2.41053,-0.9245799,0.2247045,-0.3076683,0.5776203,1.642471,0.1597335,-2.588245,0.7340047,-0.3657438,-0.5722487,0.06600701,-0.007384721,0.6081041,2.239108,0.02747956,-2.561132,-0.03867661,-0.7570033,-0.1260641,0.6399673,346.0919,261.1642,353.9209,0.6753085,0.009327456,-0.7374741,0.0,0.0,0.0,1.63146,0.1652203,-2.579661,0.08504784,-0.007388089,0.6059979,-0.1778923,-0.1027972,0.9786661,0.2199105,0.9652239,0.1413584,-0.9591632,0.2403654,-0.1490998,static,71.59434,-36.1424,7.98891,-0.6984931
757,05/05/2023 15:39:49.063270,964,True,True,True,True,Eyes,2.178679,0.02989499,-2.41743,-0.9285453,0.2249537,-0.2952957,0.577164,1.642757,0.1597302,-2.587864,0.7530261,-0.3659644,-0.5468289,0.06564116,-0.006439423,0.6073837,2.238727,0.02671664,-2.568076,-0.04002849,-0.7529763,-0.1251992,0.6447865,346.1038,261.8777,354.0176,0.6747929,0.009316553,-0.7379462,0.0,0.0,0.0,1.63146,0.1652203,-2.579661,0.0892911,-0.00784421,0.60627,-0.1652963,-0.1011725,0.9810411,0.2217346,0.9654458,0.1369244,-0.9609949,0.2401637,-0.137151,static,72.35831,-37.29984,8.378258,-0.7412788
758,05/05/2023 15:39:49.073426,965,True,True,True,True,Eyes,2.180723,0.02982829,-2.424387,-0.9323295,0.225129,-0.2829818,0.5792198,1.640699,0.1602275,-2.588295,0.803566,-0.1661711,-0.5715494,0.0645484,-0.005513046,0.6090299,2.238157,0.02612763,-2.575045,-0.04089697,-0.7488022,-0.1244911,0.6497112,346.1382,262.6172,354.0573,0.6742603,0.009303523,-0.7384332,0.0,0.0,0.0,1.63146,0.1652203,-2.579661,0.09346874,-0.005457401,0.6062794,-0.1524056,-0.100519,0.9831929,0.223014,0.9656588,0.133296,-0.9628277,0.2395808,-0.1247547,static,73.11584,-38.50435,8.764162,-0.5157319
759,05/05/2023 15:39:49.093745,966,True,True,True,True,Eyes,2.18264,0.02970678,-2.43134,-0.9359282,0.2253638,-0.2706463,0.5815759,1.638327,0.1607729,-2.588741,0.8016041,0.00909505,-0.5977859,0.06326662,-0.004995816,0.6109923,2.237465,0.02539727,-2.581956,-0.04196391,-0.7444905,-0.1241679,0.6546414,346.1237,263.372,354.0825,0.6737095,0.009287909,-0.7389362,0.0,0.0,0.0,1.63146,0.1652203,-2.579661,0.09640576,-0.007326677,0.6063278,-0.1393675,-0.1000875,0.9851696,0.2250544,0.9656427,0.1299411,-0.9643274,0.2398263,-0.112054,static,73.8715,-39.78373,9.034369,-0.6923108
760,05/05/2023 15:39:49.113201,967,True,True,True,True,Eyes,2.18445,0.02953443,-2.438322,-0.9393312,0.2254339,-0.2585275,0.5854914,1.634479,0.161524,-2.589687,0.7221769,0.2165404,-0.6569405,0.06212138,-0.004743401,0.6143624,2.236474,0.02395835,-2.588934,-0.04378472,-0.740344,-0.1240085,0.6592388,346.0339,264.0823,354.1643,0.6731397,0.00926831,-0.7394557,0.0,0.0,0.0,1.63146,0.1652203,-2.579661,0.09838718,-0.005593739,0.606805,-0.1269745,-0.09867096,0.9869861,0.228334,0.9654096,0.1258888,-0.9652675,0.2413471,-0.1000524,static,74.61176,-41.08816,9.209773,-0.5281575
761,05/05/2023 15:39:49.133244,968,True,True,True,True,Eyes,2.186136,0.02929386,-2.445292,-0.9425491,0.2254432,-0.2465287,0.5920603,1.62809,0.1627699,-2.591252,0.4694642,0.4534932,-0.757593,0.06103085,-0.001568067,0.619817,2.234773,0.02198937,-2.595339,-0.04454529,-0.7370445,-0.1220887,0.6632311,346.1691,264.6558,354.3094,0.6725522,0.009243653,-0.7399906,0.0,0.0,0.0,1.63146,0.1652203,-2.579661,0.09978934,-0.001162596,0.6077206,-0.1162803,-0.09628239,0.9885386,0.2276098,0.9662201,0.120882,-0.9667847,0.2390573,-0.09043755,static,75.34235,-42.442,9.324905,-0.1096092
762,05/05/2023 15:39:49.143210,969,True,True,True,True,Eyes,2.187686,0.02900857,-2.452275,-0.9456245,0.2251242,-0.2347627,0.5904968,1.629298,0.1619437,-2.590901,0.5499238,0.3983564,-0.7340953,0.06258475,0.000972284,0.6176386,2.233585,0.02014419,-2.602099,-0.04535414,-0.7342442,-0.1206322,0.6665406,346.2546,265.1371,354.4342,0.6719463,0.009212392,-0.7405412,0.0,0.0,0.0,1.63146,0.1652203,-2.579661,0.1001666,-0.001799636,0.6069137,-0.1073333,-0.09421042,0.9897494,0.2274145,0.9667818,0.1166862,-0.9678648,0.2376077,-0.08234297,static,76.05751,-43.79934,9.371759,-0.1698944
763,05/05/2023 15:39:49.163226,970,True,True,True,True,Eyes,2.189121,0.02868699,-2.459229,-0.9485403,0.2246867,-0.2231303,0.0,0.0,0.0,0.0,0.0,0.0,0.0,2.807755,-0.2180987,1.96455,2.232766,0.01930257,-2.60862,-0.04395058,-0.731935,-0.1180431,0.6696308,346.6051,265.5593,354.4696,0.6713218,0.009173877,-0.7411081,0.0,0.0,0.0,1.63146,0.1652203,-2.579661,0.09965128,-0.002039894,0.6078787,-0.09932614,-0.09375266,0.9906285,0.2224285,0.9682683,0.1139385,-0.9698762,0.2316611,-0.07532111,static,76.76266,-45.19913,9.309851,-0.1922701
764,05/05/2023 15:39:49.173145,971,True,True,True,True,Eyes,2.190453,0.02830887,-2.466183,-0.9512812,0.2242088,-0.2116467,0.0,0.0,0.0,0.0,0.0,0.0,0.0,2.797717,-0.2178879,1.985821,2.231541,0.01814356,-2.614971,-0.04354745,-0.7293754,-0.1165427,0.6727059,346.7856,266.0083,354.5021,0.6706795,0.009127824,-0.7416901,0.0,0.0,0.0,1.63146,0.1652203,-2.579661,0.09847122,-0.00040894,0.608739,-0.09114112,-0.093273,0.9914604,0.2203227,0.9690429,0.1114174,-0.9711599,0.2285959,-0.0677695,static,77.45679,-46.6509,9.18872,-0.03849028
765,05/05/2023 15:39:49.193322,972,True,True,True,True,Eyes,2.19168,0.02789701,-2.473096,-0.9538878,0.223509,-0.2003537,0.0,0.0,0.0,0.0,0.0,0.0,0.0,2.7889,-0.2247739,2.00433,2.230414,0.01640658,-2.621222,-0.04430036,-0.7270097,-0.114886,0.6754966,346.8856,266.4084,354.6507,0.6700189,0.009073277,-0.7422876,0.0,0.0,0.0,1.63146,0.1652203,-2.579661,0.09661536,0.00161479,0.610151,-0.08348377,-0.09079657,0.9923641,0.2196237,0.9696774,0.107197,-0.9720061,0.2268959,-0.06101124,static,78.13808,-48.12693,8.997888,0.1516353
766,05/05/2023 15:39:49.213037,973,True,True,True,True,Eyes,2.192811,0.02747312,-2.479963,-0.9563287,0.2228013,-0.1891954,0.0,0.0,0.0,0.0,0.0,0.0,0.0,2.780771,-0.2218308,2.022389,2.229236,0.01526406,-2.627209,-0.04338624,-0.7250504,-0.111759,0.6781809,347.2375,266.7577,354.7836,0.6693414,0.009010181,-0.7428992,0.0,0.0,0.0,1.63146,0.1652203,-2.579661,0.09431601,0.006295744,0.6115999,-0.07637654,-0.08867129,0.9931284,0.2145001,0.9712551,0.1032145,-0.9737332,0.2209093,-0.05516111,static,78.80939,-49.66319,8.766635,0.5897759
767,05/05/2023 15:39:49.223131,974,True,True,True,True,Eyes,2.193844,0.02706474,-2.486772,-0.9586085,0.2220693,-0.1781988,0.0,0.0,0.0,0.0,0.0,0.0,0.0,2.774043,-0.2234258,2.03754,2.22811,0.01458386,-2.63289,-0.04331573,-0.7231576,-0.1102649,0.6804473,347.3834,267.0826,354.8609,0.6686481,0.008939094,-0.7435241,0.0,0.0,0.0,1.63146,0.1652203,-2.579661,0.0911839,0.009550193,0.6133111,-0.07023052,-0.08741065,0.9936936,0.2127071,0.9719308,0.1005296,-0.9745889,0.2184259,-0.04966633,static,79.46931,-51.25481,8.456494,0.892111
768,05/05/2023 15:39:49.243300,975,True,True,True,True,Eyes,2.194767,0.02665556,-2.493535,-0.9607259,0.22156,-0.1670834,0.0,0.0,0.0,0.0,0.0,0.0,0.0,2.766301,-0.2189924,2.054206,2.226881,0.01452332,-2.638358,-0.04248665,-0.7209616,-0.1108088,0.6827378,347.4206,267.4642,354.7064,0.6679402,0.008861379,-0.7441611,0.0,0.0,0.0,1.63146,0.1652203,-2.579661,0.08756293,0.007397439,0.6147056,-0.06412822,-0.09004427,0.9938711,0.2125692,0.9718326,0.1017633,-0.9750395,0.2177923,-0.04318132,static,80.13416,-52.97923,8.107068,0.6894708
769,05/05/2023 15:39:49.263279,976,True,True,True,True,Eyes,2.195596,0.02628545,-2.500252,-0.9627401,0.220904,-0.1559906,0.0,0.0,0.0,0.0,0.0,0.0,0.0,2.754438,-0.212373,2.076055,2.225246,0.01397914,-2.643883,-0.04155841,-0.7178653,-0.1136394,0.6855862,347.2828,267.9958,354.3431,0.6672177,0.008777714,-0.74481,0.0,0.0,0.0,1.63146,0.1652203,-2.579661,0.0839162,0.006045099,0.6162211,-0.05648909,-0.09615247,0.9937625,0.2154858,0.970718,0.1061718,-0.9748717,0.2201393,-0.03411543,static,80.79648,-54.7723,7.754765,0.5620508
770,05/05/2023 15:39:49.273095,977,True,True,True,True,Eyes,2.196335,0.02603411,-2.506917,-0.9646093,0.2203,-0.1449025,0.0,0.0,0.0,0.0,0.0,0.0,0.0,2.739128,-0.193323,2.103831,2.223903,0.01448909,-2.649594,-0.03837701,-0.7144688,-0.114876,0.6891045,347.4646,268.5984,353.9145,0.6664817,0.008689974,-0.7454697,0.0,0.0,0.0,1.63146,0.1652203,-2.579661,0.08139636,0.005752003,0.6173478,-0.04732439,-0.1034848,0.9935046,0.2131615,0.9706614,0.1112591,-0.9758702,0.2170422,-0.02387705,static,81.45697,-56.66506,7.511037,0.5338255
771,05/05/2023 15:39:49.293275,978,True,True,True,True,Eyes,2.196955,0.02583,-2.513547,-0.966252,0.220142,-0.1337702,0.0,0.0,0.0,0.0,0.0,0.0,0.0,2.724591,-0.1750037,2.129993,2.222616,0.01699907,-2.655293,-0.03518204,-0.7110659,-0.117459,0.6923516,347.5399,269.1958,353.3774,0.6657326,0.008602139,-0.7461399,0.0,0.0,0.0,1.63146,0.1652203,-2.579661,0.07984725,0.004255984,0.6183983,-0.03882284,-0.1126123,0.9928803,0.2126793,0.9699312,0.1183254,-0.9763505,0.2157588,-0.01370518,static,82.11794,-58.71487,7.357293,0.3943188
772,05/05/2023 15:39:49.313453,979,True,True,True,True,Eyes,2.197489,0.02563669,-2.520154,-0.9678297,0.2197557,-0.1225277,0.0,0.0,0.0,0.0,0.0,0.0,0.0,2.709102,-0.1887025,2.153563,2.220466,0.01773462,-2.661183,-0.0373041,-0.7067398,-0.1242334,0.6954807,346.8506,269.8973,352.9169,0.6649703,0.008515693,-0.7468203,0.0,0.0,0.0,1.63146,0.1652203,-2.579661,0.07848993,0.003661703,0.619097,-0.02983009,-0.1200753,0.9923167,0.2255325,0.9663489,0.1237128,-0.9737789,0.22749,-0.001745365,static,82.78471,-60.85757,7.225486,0.338877
773,05/05/2023 15:39:49.323534,980,True,True,True,True,Eyes,2.197949,0.02552417,-2.526728,-0.9693558,0.2189614,-0.1113785,0.0,0.0,0.0,0.0,0.0,0.0,0.0,2.692364,-0.1752184,2.181491,2.219063,0.01779031,-2.667185,-0.03470739,-0.7033839,-0.1229796,0.69923,347.2005,270.4755,352.7444,0.664196,0.008430932,-0.74751,0.0,0.0,0.0,1.63146,0.1652203,-2.579661,0.07704883,0.001715541,0.6196423,-0.01974575,-0.1231567,0.9921908,0.2208072,0.9673429,0.1244668,-0.9751176,0.2215406,0.008092928,static,83.44549,-63.03905,7.088008,0.1586286
774,05/05/2023 15:39:49.347790,981,True,True,True,True,Eyes,2.198329,0.02546111,-2.533236,-0.9707274,0.2182021,-0.1003794,0.0,0.0,0.0,0.0,0.0,0.0,0.0,2.676949,-0.1557297,2.207718,2.217869,0.01968642,-2.673012,-0.03086268,-0.7005305,-0.1198483,0.7028095,347.8017,270.9737,352.6394,0.6634092,0.00835002,-0.7482093,0.0,0.0,0.0,1.63146,0.1652203,-2.579661,0.07633206,0.001074014,0.6199782,-0.01021317,-0.1252205,0.9920765,0.2117015,0.9693677,0.1245336,-0.9772812,0.2112959,0.01660911,static,84.09624,-65.29617,7.018964,0.09925578
775,05/05/2023 15:39:49.363287,982,True,True,True,True,Eyes,2.198628,0.02537337,-2.539712,-0.9719946,0.2173011,-0.08948047,0.0,0.0,0.0,0.0,0.0,0.0,0.0,2.662896,-0.167792,2.229136,2.216418,0.02086331,-2.678671,-0.03211063,-0.6971915,-0.1206591,0.705928,347.6677,271.5125,352.6145,0.6626116,0.008274162,-0.7489165,0.0,0.0,0.0,1.63146,0.1652203,-2.579661,0.07651398,-0.0004921518,0.6200929,-0.001269149,-0.1255788,0.9920828,0.2151278,0.9688206,0.1229095,-0.976585,0.2135806,0.02578587,static,84.74025,-67.61906,7.034237,-0.04547418
776,05/05/2023 15:39:49.372863,983,True,True,True,True,Eyes,2.198865,0.02528093,-2.546142,-0.9732866,0.2156764,-0.07872026,0.0,0.0,0.0,0.0,0.0,0.0,0.0,2.64905,-0.1641293,2.251236,2.214902,0.02022232,-2.684448,-0.03114159,-0.6943229,-0.1190023,0.7090729,347.9119,271.9863,352.6249,0.6618035,0.008202127,-0.7496316,0.0,0.0,0.0,1.63146,0.1652203,-2.579661,0.07720952,-0.001366072,0.6200184,0.007508242,-0.1255179,0.992063,0.2120073,0.9697374,0.1210887,-0.9772394,0.2094153,0.03389172,static,85.37594,-69.9483,7.098375,-0.1262383
777,05/05/2023 15:39:49.392895,984,True,True,True,True,Eyes,2.199047,0.02523592,-2.552545,-0.9745302,0.2136662,-0.06810038,0.0,0.0,0.0,0.0,0.0,0.0,0.0,2.635138,-0.1334176,2.275475,2.213726,0.0202202,-2.690454,-0.02592832,-0.6920054,-0.1141975,0.7123309,348.7559,272.3907,352.5715,0.6609858,0.008133429,-0.7503535,0.0,0.0,0.0,1.63146,0.1652203,-2.579661,0.07742658,-0.000806638,0.6199591,0.01617489,-0.1268078,0.9917955,0.198578,0.9725733,0.1211116,-0.9799516,0.1949897,0.04091246,static,86.00266,-72.32171,7.118802,-0.07454836
778,05/05/2023 15:39:49.412816,985,True,True,True,True,Eyes,2.199165,0.02519863,-2.558896,-0.9756809,0.2114794,-0.05764756,0.0,0.0,0.0,0.0,0.0,0.0,0.0,2.62216,-0.1109796,2.297443,2.212692,0.02140042,-2.69626,-0.02190739,-0.6896297,-0.1106836,0.7153182,349.397,272.791,352.5097,0.6601585,0.008069118,-0.7510821,0.0,0.0,0.0,1.63146,0.1652203,-2.579661,0.07756238,-0.001989717,0.619824,0.02432,-0.1281321,0.991459,0.188564,0.9745384,0.1213199,-0.9817598,0.184003,0.04786191,static,86.61864,-74.75211,7.132696,-0.1839264
779,05/05/2023 15:39:49.423505,986,True,True,True,True,Eyes,2.199222,0.02515555,-2.565227,-0.9767461,0.2091162,-0.04730188,0.0,0.0,0.0,0.0,0.0,0.0,0.0,2.608402,-0.1134948,2.318461,2.211348,0.02168575,-2.702104,-0.0217697,-0.6866975,-0.1091625,0.7183706,349.5603,273.2611,352.5838,0.6593228,0.008009051,-0.7518164,0.0,0.0,0.0,1.63146,0.1652203,-2.579661,0.07736191,-0.002844578,0.6196588,0.03306019,-0.1269399,0.9913595,0.1867367,0.9752192,0.1186458,-0.9818537,0.1812007,0.05594528,static,87.22745,-77.25424,7.116327,-0.2630176
780,05/05/2023 15:39:49.443407,987,True,True,True,True,Eyes,2.199225,0.02514112,-2.571559,-0.9777359,0.2065565,-0.036971,0.0,0.0,0.0,0.0,0.0,0.0,0.0,2.59468,-0.1118324,2.339492,2.210027,0.02160323,-2.708025,-0.02092096,-0.6840256,-0.1052822,0.7215173,349.9667,273.6882,352.8065,0.6584798,0.007952689,-0.7525554,0.0,0.0,0.0,1.63146,0.1652203,-2.579661,0.07681623,-0.002798414,0.6193973,0.04204934,-0.1233049,0.9914777,0.1805468,0.976956,0.1138417,-0.9826673,0.1742211,0.06334265,static,87.83451,-79.85223,7.069594,-0.2588584
781,05/05/2023 15:39:49.463321,988,True,True,True,True,Eyes,2.199163,0.02515766,-2.577873,-0.9785827,0.2041026,-0.0267982,0.0,0.0,0.0,0.0,0.0,0.0,0.0,2.583245,-0.1137935,2.357562,2.208785,0.02232222,-2.713847,-0.02056985,-0.6816556,-0.1016584,0.7242846,350.3058,274.0632,353.0535,0.6576287,0.007900474,-0.7533,0.0,0.0,0.0,1.63146,0.1652203,-2.579661,0.07628765,-0.003319744,0.6191285,0.05002226,-0.1192161,0.9916075,0.1753023,0.9784849,0.1087952,-0.9832432,0.1683889,0.0698449,static,88.43136,-82.51998,7.024453,-0.3072149
782,05/05/2023 15:39:49.472929,989,True,True,True,True,Eyes,2.19903,0.02518643,-2.58417,-0.9793081,0.2016825,-0.01672385,0.0,0.0,0.0,0.0,0.0,0.0,0.0,2.574664,-0.1257542,2.371688,2.207247,0.02311246,-2.719768,-0.02189943,-0.6794067,-0.1005103,0.7265155,350.3055,274.4135,353.2249,0.6567693,0.007852913,-0.7540498,0.0,0.0,0.0,1.63146,0.1652203,-2.579661,0.0758035,-0.003296691,0.6187046,0.05660844,-0.1162874,0.9916011,0.1758019,0.9788362,0.1047542,-0.9827967,0.1683954,0.07585394,static,89.02164,-85.25978,6.985049,-0.3052906
1084,05/05/2023 15:39:54.513483,1291,True,True,True,True,Eyes,0.4593094,-0.07122467,-3.082384,0.5066825,-0.5828207,0.6352896,0.7608835,0.8448357,-0.5146832,-2.599002,-0.4415575,0.8846012,-0.1500256,0.02582398,0.03135441,0.7782175,0.3388737,-0.06998402,-2.990816,0.2739199,0.408547,-0.1629663,0.8552773,36.99273,49.74552,356.0554,0.1621783,-0.02181301,-0.9865201,0.0,0.0,0.0,0.8514592,-0.5279526,-2.596752,0.06472263,-0.004164249,0.79604,0.6130627,-0.05494453,-0.7881213,0.5025811,0.7968197,0.3353961,0.6095624,-0.6017138,0.5161145,static,38.57451,-42.53357,4.648252,-0.2997233
1085,05/05/2023 15:39:54.533599,1292,True,True,True,True,Eyes,0.4541377,-0.07138028,-3.077879,0.5126434,-0.5832478,0.6300943,0.7606462,0.8440779,-0.5150256,-2.5986,-0.4920779,0.86179,-0.1231963,0.02532455,0.02783555,0.7785152,0.3338389,-0.07017578,-2.984951,0.27101,0.4139211,-0.1638031,0.8534586,36.74072,50.43288,356.0469,0.1606966,-0.0219168,-0.9867603,0.0,0.0,0.0,0.8514592,-0.5279526,-2.596752,0.06541577,-0.0005832314,0.7958718,0.6036757,-0.05524488,-0.7953137,0.5039519,0.7994442,0.3269884,0.6177444,-0.5981948,0.5104458,static,39.13173,-42.78894,4.698798,-0.04198753
1086,05/05/2023 15:39:54.543221,1293,True,True,True,True,Eyes,0.4489699,-0.07154179,-3.073326,0.5187626,-0.5835401,0.624793,0.7605012,0.8434895,-0.5153247,-2.59817,-0.5313246,0.8418763,-0.0945432,0.02459049,0.02500984,0.77898,0.3285661,-0.07078627,-2.979326,0.2683034,0.4193144,-0.1642192,0.851599,36.49073,51.14352,356.0993,0.1592219,-0.02201901,-0.986997,0.0,0.0,0.0,0.8514592,-0.5279526,-2.596752,0.06570351,-1.41561e-05,0.7950904,0.5944149,-0.05469089,-0.8022968,0.5047048,0.8020906,0.3192548,0.6260543,-0.5946928,0.5043774,static,39.70269,-43.04466,4.723991,-0.001020117
1087,05/05/2023 15:39:54.563030,1294,True,True,True,True,Eyes,0.4437992,-0.07170794,-3.068727,0.5249147,-0.5838194,0.6193702,0.7603995,0.8429441,-0.515644,-2.597758,-0.5676441,0.8205387,-0.06705606,0.02328077,0.02417439,0.779547,0.3233525,-0.07115242,-2.973619,0.2669494,0.4247716,-0.1649455,0.8491761,36.40595,51.89965,356.1992,0.1577528,-0.02212009,-0.9872306,0.0,0.0,0.0,0.8514592,-0.5279526,-2.596752,0.06579077,0.001447856,0.7947814,0.5847241,-0.05335043,-0.809476,0.5069206,0.803062,0.3132459,0.6333476,-0.5935025,0.4966142,static,40.2812,-43.30757,4.732067,0.1043758
1088,05/05/2023 15:39:54.573400,1295,True,True,True,True,Eyes,0.4386692,-0.07187028,-3.064083,0.5311081,-0.5840051,0.613891,0.7603686,0.8425071,-0.5159294,-2.597299,-0.5968097,0.8015531,-0.0364783,0.02204826,0.02429403,0.7803659,0.3179567,-0.07135903,-2.967773,0.265746,0.4303897,-0.1665233,0.8464124,36.38451,52.66116,356.2148,0.1562883,-0.02222036,-0.9874613,0.0,0.0,0.0,0.8514592,-0.5279526,-2.596752,0.06378779,0.005471408,0.7942671,0.5740694,-0.05314608,-0.8170801,0.5106435,0.8032981,0.3065216,0.6400684,-0.5932013,0.4882875,static,40.86474,-43.57084,4.591584,0.3946829
1089,05/05/2023 15:39:54.593140,1296,True,True,True,True,Eyes,0.4335339,-0.07204455,-3.059381,0.5373932,-0.5840651,0.6083392,0.7604094,0.8421728,-0.5161731,-2.596795,-0.6190999,0.7853071,-0.002845157,0.02083766,0.02256493,0.7807467,0.3134188,-0.0714827,-2.961731,0.2631868,0.4362392,-0.1687265,0.8437769,36.25302,53.39536,356.0814,0.1548291,-0.02231982,-0.9876888,0.0,0.0,0.0,0.8514592,-0.5279526,-2.596752,0.06144744,0.007465392,0.7941402,0.5624536,-0.05511034,-0.8249903,0.5143598,0.8045282,0.2969317,0.6473639,-0.591352,0.4808563,static,41.45666,-43.83377,4.424506,0.5385987
1090,05/05/2023 15:39:54.613434,1297,True,True,True,True,Eyes,0.4284166,-0.07221349,-3.054623,0.5437002,-0.5842103,0.6025683,0.7603964,0.8418442,-0.5164449,-2.596432,-0.6410303,0.76722,0.02129985,0.02009729,0.02015767,0.7814978,0.3080097,-0.07199211,-2.955642,0.259444,0.4425234,-0.1712453,0.8411522,36.0169,54.14893,355.8548,0.1533747,-0.02241898,-0.9879135,0.0,0.0,0.0,0.8514592,-0.5279526,-2.596752,0.05929267,0.008597225,0.7935181,0.5496962,-0.05846668,-0.8333161,0.5177068,0.8067276,0.2849036,0.6556019,-0.5880239,0.4737237,static,42.06009,-44.11377,4.273272,0.6207363
1091,05/05/2023 15:39:54.629133,1298,True,True,True,True,Eyes,0.4232774,-0.07241362,-3.049797,0.5501658,-0.5842225,0.5966588,0.7603946,0.8416204,-0.5166532,-2.596101,-0.6560622,0.7534578,0.04340176,0.01892138,0.02094804,0.7820941,0.3029964,-0.07206654,-2.949223,0.2573008,0.4489061,-0.1754458,0.8375551,36.05238,54.92777,355.5391,0.1519243,-0.02251781,-0.9881354,0.0,0.0,0.0,0.8514592,-0.5279526,-2.596752,0.05632225,0.00938496,0.7926949,0.5354041,-0.06288324,-0.8422519,0.5248989,0.8060301,0.2734898,0.6616825,-0.5885245,0.4645592,static,42.67846,-44.39662,4.064127,0.6783108
1092,05/05/2023 15:39:54.643334,1299,True,True,True,True,Eyes,0.4181339,-0.07260629,-3.044941,0.5566168,-0.5842535,0.5906146,0.7604027,0.8413869,-0.5168743,-2.595836,-0.6714615,0.7385218,0.06103256,0.01680842,0.01856461,0.7828608,0.2971646,-0.07305799,-2.942747,0.2533917,0.4562698,-0.1773786,0.8343544,35.78194,55.86557,355.4211,0.1504765,-0.02261744,-0.9883546,0.0,0.0,0.0,0.8514592,-0.5279526,-2.596752,0.05188808,0.01355511,0.7922231,0.5207095,-0.06476338,-0.8512739,0.5272231,0.808659,0.260972,0.6714889,-0.584702,0.4552212,static,43.30256,-44.68979,3.747338,0.9802476
1093,05/05/2023 15:39:54.662801,1300,True,True,True,True,Eyes,0.4129957,-0.07276583,-3.040002,0.5629835,-0.5844352,0.5843673,0.7603999,0.8410883,-0.5171703,-2.595649,-0.6913448,0.7187729,0.07353894,0.01684436,0.01846409,0.7841808,0.2914942,-0.0730743,-2.93666,0.2513371,0.4616799,-0.1797394,0.8314897,35.72762,56.55931,355.278,0.1490313,-0.02271755,-0.9885713,0.0,0.0,0.0,0.8514592,-0.5279526,-2.596752,0.0473474,0.01974082,0.7918257,0.5090907,-0.06682844,-0.8581146,0.5309776,0.8090468,0.2520042,0.6774139,-0.5839326,0.4473626,static,43.93227,-45.00333,3.42194,1.428132
1094,05/05/2023 15:39:54.673238,1301,True,True,True,True,Eyes,0.4078824,-0.07288254,-3.034968,0.5693171,-0.5846485,0.5779828,0.7604356,0.8408114,-0.5174701,-2.595449,-0.7099259,0.6989019,0.08684065,0.01578826,0.02135165,0.7851485,0.2863644,-0.07242916,-2.929651,0.2506794,0.467881,-0.1844685,0.8271751,35.96777,57.36287,354.9957,0.147588,-0.02281713,-0.9887854,0.0,0.0,0.0,0.8514592,-0.5279526,-2.596752,0.04398152,0.02591309,0.7916008,0.4941175,-0.07059924,-0.8665239,0.5397518,0.8062625,0.2420929,0.6815542,-0.5873301,0.4364944,static,44.56725,-45.32849,3.180097,1.874911
1095,05/05/2023 15:39:54.699416,1302,True,True,True,True,Eyes,0.4027483,-0.07297546,-3.029846,0.5757367,-0.5848146,0.5714185,0.7604828,0.8405861,-0.5177169,-2.595292,-0.7246695,0.682191,0.09731171,0.01394933,0.01912703,0.7860087,0.281619,-0.07154407,-2.922179,0.2477259,0.475101,-0.187422,0.8232764,35.87243,58.29836,354.8164,0.1461468,-0.02291497,-0.9889972,0.0,0.0,0.0,0.8514592,-0.5279526,-2.596752,0.04214478,0.02971876,0.7908651,0.4783041,-0.07321055,-0.8751374,0.5439898,0.8070098,0.2298051,0.6894203,-0.5859826,0.4258218,static,45.21568,-45.6638,3.050376,2.152021
1096,05/05/2023 15:39:54.713321,1303,True,True,True,True,Eyes,0.397604,-0.073052,-3.024616,0.5821153,-0.585034,0.5646921,0.7605715,0.8403443,-0.5180122,-2.595128,-0.7410076,0.6627098,0.1082754,0.01222858,0.01756595,0.7875146,0.2758468,-0.07108013,-2.914865,0.2453249,0.4820872,-0.189071,0.8195486,35.76124,59.25643,354.8124,0.1447072,-0.02301053,-0.9892067,0.0,0.0,0.0,0.8514592,-0.5279526,-2.596752,0.04170525,0.03266111,0.7901279,0.4636882,-0.07336983,-0.8829554,0.5464418,0.8081356,0.2198139,0.6974201,-0.5844088,0.4148153,static,45.87042,-46.01361,3.021434,2.367059
1097,05/05/2023 15:39:54.723346,1304,True,True,True,True,Eyes,0.392449,-0.07309103,-3.019305,0.5884271,-0.585224,0.5579125,0.7607822,0.8401139,-0.518319,-2.594855,-0.7561523,0.6420706,0.1264087,0.0116595,0.01796184,0.7886128,0.2705553,-0.07079983,-2.907423,0.2443773,0.4878064,-0.190584,0.8160898,35.78913,60.07647,354.8616,0.1432679,-0.02310363,-0.989414,0.0,0.0,0.0,0.8514592,-0.5279526,-2.596752,0.04057381,0.03639206,0.7894198,0.4514454,-0.07264968,-0.8893364,0.549485,0.8079149,0.2129315,0.7030388,-0.5848039,0.4046493,static,46.5248,-46.36863,2.942242,2.639453
1098,05/05/2023 15:39:54.742972,1305,True,True,True,True,Eyes,0.3873271,-0.0731134,-3.013934,0.5946659,-0.5852001,0.5512832,0.7612364,0.8400085,-0.5185891,-2.594277,-0.763516,0.6243463,0.1650308,0.0130038,0.017581,0.7905166,0.2650523,-0.0699396,-2.90011,0.2432719,0.4922717,-0.1914751,0.8135261,35.75578,60.71348,354.9079,0.1418289,-0.02319335,-0.9896191,0.0,0.0,0.0,0.8514592,-0.5279526,-2.596752,0.03825411,0.0413226,0.7891676,0.4420117,-0.07202822,-0.8941128,0.5510517,0.8083122,0.2073005,0.7077907,-0.5843316,0.3969747,static,47.16804,-46.70942,2.775183,2.997399
1099,05/05/2023 15:39:54.763101,1306,True,True,True,True,Eyes,0.3821961,-0.07313383,-3.008526,0.6009232,-0.5850809,0.544584,0.7617628,0.8399571,-0.5188267,-2.593683,-0.7668038,0.6083918,0.2046251,0.01381451,0.01375408,0.7917248,0.2604124,-0.06956514,-2.892849,0.2405865,0.4970794,-0.1909384,0.811525,35.47215,61.38277,355.0182,0.1403903,-0.02327959,-0.9898223,0.0,0.0,0.0,0.8514592,-0.5279526,-2.596752,0.03514409,0.04361801,0.7887836,0.4329093,-0.07072141,-0.8986591,0.5490838,0.8113213,0.2006609,0.7149103,-0.5803071,0.3900605,static,47.8157,-47.0531,2.551114,3.165108
1100,05/05/2023 15:39:54.782798,1307,True,True,True,True,Eyes,0.3770808,-0.07312872,-3.003078,0.606953,-0.5851489,0.5377813,0.7623823,0.8398111,-0.519236,-2.593083,-0.7763308,0.580952,0.2445512,0.01326326,0.01206219,0.7937569,0.2549652,-0.06954414,-2.886517,0.2391709,0.5019011,-0.1899754,0.8091983,35.29392,62.11101,355.265,0.1389516,-0.02336265,-0.9900233,0.0,0.0,0.0,0.8514592,-0.5279526,-2.596752,0.0321885,0.04299511,0.7886782,0.4240092,-0.0673753,-0.9031484,0.547536,0.8134133,0.1963757,0.721402,-0.5777712,0.3817851,static,48.45795,-47.41543,2.337129,3.120414
1101,05/05/2023 15:39:54.799509,1308,True,True,True,True,Eyes,0.3720108,-0.07306469,-2.99759,0.6128676,-0.5853177,0.5308451,0.7630621,0.8396668,-0.5196985,-2.592523,-0.7860227,0.5501797,0.2819055,0.0123606,0.01586625,0.7956108,0.2503511,-0.06891187,-2.880445,0.2408539,0.5059012,-0.1912953,0.8058906,35.5742,62.77463,355.4425,0.1375128,-0.02344205,-0.9902222,0.0,0.0,0.0,0.8514592,-0.5279526,-2.596752,0.03059772,0.04268871,0.7887029,0.4149402,-0.06462969,-0.9075503,0.5520228,0.810791,0.1946507,0.7232534,-0.5817568,0.3721068,static,49.102,-47.79402,2.221675,3.098123
1102,05/05/2023 15:39:54.818378,1309,True,True,True,True,Eyes,0.3670038,-0.07295545,-2.992038,0.6189134,-0.5853178,0.5237838,0.7637091,0.8396736,-0.519968,-2.59202,-0.7856199,0.5322492,0.3154558,0.01116839,0.01740879,0.7974902,0.2462799,-0.06741358,-2.873971,0.2407988,0.5107905,-0.193688,0.8022432,35.74835,63.49305,355.4223,0.1360755,-0.02351623,-0.990419,0.0,0.0,0.0,0.8514592,-0.5279526,-2.596752,0.02989015,0.04181737,0.7886316,0.4031563,-0.06477431,-0.9128358,0.5567651,0.8090019,0.1884903,0.7262765,-0.5842263,0.3622182,static,49.7589,-48.17557,2.170545,3.035279
1103,05/05/2023 15:39:54.823043,1310,True,True,True,True,Eyes,0.3620541,-0.07285482,-2.986437,0.6251796,-0.5850118,0.5166349,0.7642751,0.8398633,-0.5199648,-2.591586,-0.7731265,0.5325694,0.344449,0.009189814,0.01122418,0.7987826,0.2427676,-0.06628779,-2.867118,0.2359882,0.5174825,-0.1946283,0.7991504,35.35309,64.35068,355.2996,0.1346405,-0.0235843,-0.9906134,0.0,0.0,0.0,0.8514592,-0.5279526,-2.596752,0.02904335,0.03881451,0.7885792,0.3886634,-0.06683505,-0.9189527,0.5553141,0.8128588,0.1757467,0.7352327,-0.5786136,0.3530429,static,50.43041,-48.55167,2.109248,2.817871
1104,05/05/2023 15:39:54.842968,1311,True,True,True,True,Eyes,0.3571246,-0.07276745,-2.980809,0.6314318,-0.5846074,0.5094391,0.7648794,0.8400938,-0.5199216,-2.59115,-0.7576041,0.535337,0.3734303,0.006653428,0.003644526,0.7995573,0.2390227,-0.06646615,-2.860299,0.2303898,0.5245326,-0.1938433,0.7963735,34.77164,65.27522,355.318,0.1332095,-0.02364716,-0.9908054,0.0,0.0,0.0,0.8514592,-0.5279526,-2.596752,0.02898175,0.03434968,0.7888598,0.3745805,-0.0670495,-0.9247668,0.5504373,0.8186907,0.1635983,0.7461287,-0.570307,0.3435721,static,51.10342,-48.93043,2.104031,2.493281
1105,05/05/2023 15:39:54.863236,1312,True,True,True,True,Eyes,0.3522363,-0.07267503,-2.975156,0.6376134,-0.5842489,0.502098,0.7654302,0.8402848,-0.5198768,-2.590835,-0.7447954,0.5382737,0.3943871,0.004785508,0.0008912235,0.8010194,0.2344262,-0.06669518,-2.853928,0.2279499,0.5302135,-0.1928534,0.7935489,34.49163,66.10734,355.5219,0.1317817,-0.02370583,-0.9909949,0.0,0.0,0.0,0.8514592,-0.5279526,-2.596752,0.028822,0.03141256,0.7890683,0.3633623,-0.06435291,-0.9294227,0.5478015,0.8216928,0.1572719,0.753579,-0.5662858,0.3338248,static,51.78082,-49.32455,2.091892,2.279723
1106,05/05/2023 15:39:54.873633,1313,True,True,True,True,Eyes,0.3474124,-0.07256247,-2.969479,0.643639,-0.5839614,0.4946898,0.7659999,0.8404398,-0.5198768,-2.590547,-0.7343897,0.5382108,0.4135225,0.002665401,0.001917616,0.8023492,0.2304338,-0.06645224,-2.847595,0.2282418,0.5351213,-0.1926326,0.7902175,34.53328,66.90789,355.8115,0.1303589,-0.02376052,-0.9911818,0.0,0.0,0.0,0.8514592,-0.5279526,-2.596752,0.02898011,0.03099863,0.7893834,0.3530756,-0.06016918,-0.9336581,0.5487174,0.8215967,0.1545577,0.7577909,-0.566885,0.3231017,static,52.45474,-49.73114,2.102518,2.248817
1107,05/05/2023 15:39:54.893491,1314,True,True,True,True,Eyes,0.342664,-0.07242168,-2.963782,0.6496538,-0.583668,0.4871156,0.7664473,0.8405894,-0.5197725,-2.590434,-0.7246766,0.5453602,0.4212196,-0.0003535002,0.001381457,0.8033872,0.22709,-0.06581358,-2.841377,0.2285342,0.5403067,-0.1913989,0.7868971,34.50611,67.7763,356.2243,0.128941,-0.02381103,-0.991366,0.0,0.0,0.0,0.8514592,-0.5279526,-2.596752,0.02896449,0.03081626,0.7896624,0.3428702,-0.05426528,-0.9378141,0.5481796,0.8222772,0.1528377,0.7628493,-0.566494,0.3116815,static,53.13715,-50.15242,2.100644,2.234811
1108,05/05/2023 15:39:54.913135,1315,True,True,True,True,Eyes,0.3380202,-0.07223049,-2.958046,0.6554366,-0.5835263,0.4794788,0.7669017,0.8406757,-0.5197378,-2.590333,-0.7189381,0.5476857,0.4279819,-0.003643841,8.46386e-05,0.8043311,0.2240461,-0.06497049,-2.835111,0.2284967,0.5456815,-0.1902838,0.7834623,34.45132,68.66253,356.6081,0.1275302,-0.0238568,-0.9915474,0.0,0.0,0.0,0.8514592,-0.5279526,-2.596752,0.02893999,0.03042234,0.7902108,0.3320476,-0.04878761,-0.9420002,0.5475332,0.8231627,0.1503683,0.7680832,-0.5657057,0.3000421,static,53.813,-50.59033,2.097414,2.204743
1109,05/05/2023 15:39:54.923148,1316,True,True,True,True,Eyes,0.3334736,-0.07201606,-2.952267,0.6613089,-0.5832333,0.4717091,0.7672325,0.8408512,-0.5194916,-2.590357,-0.7071742,0.5640483,0.4263263,-0.006875366,-0.0006337911,0.8047686,0.2215438,-0.06397328,-2.828394,0.2285685,0.5512254,-0.1898928,0.779646,34.45456,69.57107,356.9333,0.1261286,-0.02389666,-0.9917257,0.0,0.0,0.0,0.8514592,-0.5279526,-2.596752,0.02866772,0.02786484,0.7907679,0.3201827,-0.04411281,-0.9463283,0.5480837,0.8233944,0.1470575,0.7727143,-0.5657524,0.2878141,static,54.49988,-51.03466,2.076235,2.018137
1110,05/05/2023 15:39:54.948971,1317,True,True,True,True,Eyes,0.3289838,-0.07183322,-2.946459,0.6669911,-0.5830601,0.4638577,0.767527,0.8409175,-0.5193476,-2.590435,-0.7026681,0.5735703,0.4210399,-0.009726301,-0.005716957,0.8049024,0.2192039,-0.06321703,-2.821546,0.2263605,0.5571676,-0.1882613,0.7764554,34.14603,70.47145,357.222,0.1247379,-0.02393042,-0.9919008,0.0,0.0,0.0,0.8514592,-0.5279526,-2.596752,0.02883992,0.02486478,0.7914008,0.3082439,-0.04011151,-0.9504614,0.5445946,0.8266371,0.1417315,0.7800016,-0.5613039,0.2766504,static,55.1834,-51.49574,2.087026,1.799566
1111,05/05/2023 15:39:54.965092,1318,True,True,True,True,Eyes,0.3245679,-0.07165432,-2.940633,0.6725339,-0.5829525,0.4559216,0.7677721,0.8409207,-0.519229,-2.590589,-0.7023402,0.5813859,0.4107415,-0.01113068,-0.007672787,0.805104,0.2164204,-0.06309763,-2.814907,0.2254479,0.5619579,-0.1871829,0.773524,33.99748,71.23103,357.4977,0.1233587,-0.02395976,-0.9920726,0.0,0.0,0.0,0.8514592,-0.5279526,-2.596752,0.02902478,0.02182521,0.7917511,0.2983317,-0.03619648,-0.9537758,0.5429655,0.8282716,0.1384008,0.7849757,-0.5591566,0.2667531,static,55.86602,-51.97137,2.099464,1.579001
1112,05/05/2023 15:39:54.973259,1319,True,True,True,True,Eyes,0.3202602,-0.07146537,-2.934817,0.6776748,-0.582982,0.4482062,0.7682632,0.8408928,-0.519349,-2.590477,-0.7043455,0.5735087,0.4183123,-0.0121062,-0.005330443,0.8056385,0.2135656,-0.06319994,-2.80869,0.2264884,0.5656934,-0.1875999,0.7703896,34.13999,71.88175,357.7285,0.1219917,-0.02398527,-0.992241,0.0,0.0,0.0,0.8514592,-0.5279526,-2.596752,0.02888069,0.01935628,0.7921945,0.2895944,-0.03280396,-0.9565872,0.545296,0.8270186,0.1367207,0.7866304,-0.5612168,0.2573879,static,56.51982,-52.44632,2.087882,1.399672
1113,05/05/2023 15:39:54.999472,1320,True,True,True,True,Eyes,0.31606,-0.07126277,-2.928984,0.6827122,-0.583051,0.4404038,0.7686626,0.8408353,-0.5194322,-2.590462,-0.7082202,0.5679931,0.4192946,-0.01324469,-0.003562711,0.8057868,0.2115741,-0.06269177,-2.802356,0.227189,0.5696441,-0.1888889,0.7669496,34.31096,72.54353,357.8559,0.1206386,-0.02400695,-0.9924059,0.0,0.0,0.0,0.8514592,-0.5279526,-2.596752,0.02810219,0.01892141,0.7927448,0.2796531,-0.03090284,-0.9596037,0.5485703,0.8254123,0.1332861,0.7879498,-0.5636839,0.2477815,static,57.17476,-52.93466,2.030241,1.367288
1114,05/05/2023 15:39:55.015449,1321,True,True,True,True,Eyes,0.3119702,-0.07106879,-2.923126,0.6875354,-0.5831434,0.4327111,0.76916,0.8407949,-0.5195994,-2.590302,-0.7107813,0.5567483,0.4299083,-0.01494958,-0.003483385,0.8058632,0.2098765,-0.06215055,-2.796053,0.2266967,0.5741123,-0.1903161,0.7634028,34.3778,73.23914,357.8977,0.119301,-0.02402472,-0.9925672,0.0,0.0,0.0,0.8514592,-0.5279526,-2.596752,0.02737916,0.01937488,0.7934952,0.2683497,-0.03027689,-0.9628457,0.5508744,0.8247768,0.1275962,0.7902697,-0.5646474,0.2380073,static,57.8151,-53.4234,1.976178,1.398721
1115,05/05/2023 15:39:55.033430,1322,True,True,True,True,Eyes,0.3079821,-0.0709113,-2.917251,0.6922312,-0.583223,0.4250494,0.7696622,0.8407663,-0.519796,-2.590107,-0.7128172,0.5437408,0.4429871,-0.0166283,-0.005554058,0.8055133,0.2083314,-0.06214686,-2.789461,0.2248715,0.5790031,-0.1910535,0.7600571,34.26848,73.95763,357.9182,0.1179808,-0.02403926,-0.9927246,0.0,0.0,0.0,0.8514592,-0.5279526,-2.596752,0.02667454,0.01787731,0.7937449,0.2565079,-0.03002058,-0.9660757,0.5508257,0.8258627,0.1205891,0.7942258,-0.5630715,0.2283765,static,58.44891,-53.91566,1.924754,1.29024
1116,05/05/2023 15:39:55.043126,1323,True,True,True,True,Eyes,0.3040929,-0.07077284,-2.911345,0.6968573,-0.5832948,0.4173213,0.7700832,0.8407311,-0.5199584,-2.589973,-0.7152802,0.5330027,0.451976,-0.01824403,-0.007323325,0.8048992,0.2066764,-0.06285258,-2.783048,0.2228331,0.5838447,-0.191639,0.7567995,34.12877,74.66318,357.9324,0.1166797,-0.02405214,-0.9928781,0.0,0.0,0.0,0.8514592,-0.5279526,-2.596752,0.02632153,0.01576082,0.794417,0.2447999,-0.0298647,-0.9691137,0.5502645,0.8272398,0.1135052,0.7982997,-0.5610548,0.2189416,static,59.08422,-54.41798,1.897695,1.13657
1117,05/05/2023 15:39:55.063076,1324,True,True,True,True,Eyes,0.3003047,-0.07064231,-2.905402,0.7013432,-0.5833735,0.4096256,0.7705317,0.8407118,-0.5201501,-2.589772,-0.716336,0.5200528,0.4651967,-0.01924984,-0.007652469,0.804504,0.2050811,-0.06317215,-2.776321,0.2216101,0.588275,-0.1928923,0.7534016,34.11601,75.33178,357.9292,0.1153984,-0.02406418,-0.9930275,0.0,0.0,0.0,0.8514592,-0.5279526,-2.596752,0.02544791,0.01682669,0.7949518,0.2334502,-0.02991529,-0.9719085,0.5513862,0.827363,0.1069755,0.8009209,-0.5608703,0.2096429,static,59.71257,-54.92474,1.83352,1.212595
1118,05/05/2023 15:39:55.073284,1325,True,True,True,True,Eyes,0.2966146,-0.07052722,-2.899402,0.7055137,-0.5833876,0.4023798,0.771533,0.8409416,-0.5206299,-2.588953,-0.7010729,0.4881081,0.519853,-0.01835175,-0.007473387,0.80469,0.203648,-0.06324832,-2.769445,0.2195669,0.5918593,-0.1959706,0.7503924,34.15936,75.80006,357.631,0.1141382,-0.02407575,-0.9931728,0.0,0.0,0.0,0.8514592,-0.5279526,-2.596752,0.02355006,0.01467746,0.7956849,0.2225964,-0.03420417,-0.9743106,0.5540149,0.8267719,0.09754872,0.802196,-0.5614966,0.2029861,static,60.30233,-55.40482,1.695301,1.056777
1119,05/05/2023 15:39:55.092937,1326,True,True,True,True,Eyes,0.2930184,-0.0704409,-2.89335,0.709559,-0.5833482,0.3952606,0.7728162,0.8413771,-0.5212618,-2.587886,-0.6721196,0.4460386,0.5910202,-0.01495399,-0.009448618,0.804999,0.202213,-0.06352514,-2.761905,0.2151035,0.5951644,-0.1998509,0.7480438,34.03519,76.10397,357.0291,0.1128999,-0.02408747,-0.9933141,0.0,0.0,0.0,0.8514592,-0.5279526,-2.596752,0.02379155,0.01496932,0.7970086,0.2116781,-0.04295057,-0.9763952,0.5550383,0.8275802,0.08392544,0.8044407,-0.5597019,0.1990198,static,60.87996,-55.87952,1.709832,1.075996
1120,05/05/2023 15:39:55.113244,1327,True,True,True,True,Eyes,0.2895264,-0.07038877,-2.88728,0.7133585,-0.5832628,0.3884895,0.7749457,0.8423406,-0.5223858,-2.586221,-0.6078686,0.3710945,0.7019862,-0.01199004,-0.009921573,0.8059906,0.2008067,-0.06417587,-2.754569,0.2113044,0.5981249,-0.2039383,0.7456583,33.9924,76.38328,356.4482,0.1116841,-0.02410036,-0.9934512,0.0,0.0,0.0,0.8514592,-0.5279526,-2.596752,0.02291808,0.01833193,0.7979939,0.2013116,-0.05136371,-0.9781798,0.5569094,0.8275192,0.07116073,0.8058075,-0.5590829,0.1951942,static,61.42764,-56.3339,1.64506,1.315997
1121,05/05/2023 15:39:55.123356,1328,True,True,True,True,Eyes,0.2861435,-0.07035621,-2.881187,0.7170482,-0.58313,0.3818394,0.7792709,0.8449184,-0.5247725,-2.583631,-0.4360009,0.2119812,0.874624,-0.009909391,-0.01014084,0.8090001,0.1995878,-0.06489289,-2.747158,0.2091478,0.6006595,-0.2062022,0.7436034,33.97014,76.6898,356.1689,0.110491,-0.0241155,-0.9935843,0.0,0.0,0.0,0.8514592,-0.5279526,-2.596752,0.02117717,0.01644599,0.7988809,0.1933775,-0.05541204,-0.9795583,0.5579186,0.8274756,0.06333144,0.8070514,-0.5587607,0.1909306,static,61.964,-56.78282,1.518472,1.179341
1122,05/05/2023 15:39:55.143235,1329,True,True,True,True,Eyes,0.2828833,-0.07035631,-2.875096,0.7207775,-0.5828174,0.3752381,0.0,0.0,0.0,0.0,0.0,0.0,0.0,-2.728215,0.1036674,0.3166234,0.1987899,-0.06534445,-2.740505,0.2076766,0.6026035,-0.207192,0.7421665,33.91557,76.94324,356.0443,0.1093228,-0.02413334,-0.993713,0.0,0.0,0.0,0.8514592,-0.5279526,-2.596752,0.01954564,0.01524934,0.800402,0.187881,-0.05724866,-0.980522,0.5578353,0.8278838,0.05855193,0.8084062,-0.5579704,0.1874789,static,62.49843,-57.22516,1.398872,1.091473
1123,05/05/2023 15:39:55.163182,1330,True,True,True,True,Eyes,0.2797269,-0.07038289,-2.868973,0.7244636,-0.5824566,0.3686419,0.0,0.0,0.0,0.0,0.0,0.0,0.0,-2.723248,0.08693289,0.299679,0.1981667,-0.06606251,-2.733095,0.2049686,0.6058276,-0.2074937,0.7402076,33.70034,77.36915,355.9453,0.1081805,-0.02415475,-0.9938375,0.0,0.0,0.0,0.8514592,-0.5279526,-2.596752,0.01916768,0.01600891,0.8014553,0.1798386,-0.05882557,-0.9819357,0.5555281,0.8298684,0.05202777,0.8118169,-0.5548494,0.1819216,static,63.03082,-57.66992,1.37003,1.14432
1124,05/05/2023 15:39:55.173227,1331,True,True,True,True,Eyes,0.2766902,-0.07043592,-2.862847,0.7282121,-0.5819777,0.3619519,0.0,0.0,0.0,0.0,0.0,0.0,0.0,-2.718697,0.07332102,0.2806711,0.197458,-0.06673837,-2.726173,0.2033243,0.6090329,-0.2079819,0.7378902,33.60041,77.83797,355.9192,0.1070642,-0.02418035,-0.9939577,0.0,0.0,0.0,0.8514592,-0.5279526,-2.596752,0.02095279,0.01580913,0.80311,0.171645,-0.05927318,-0.9833742,0.5545978,0.8308055,0.04672636,0.8142232,-0.5533975,0.1754764,static,63.5707,-58.1211,1.494483,1.127716
1125,05/05/2023 15:39:55.200285,1332,True,True,True,True,Eyes,0.2737714,-0.07051293,-2.856689,0.7320185,-0.5813435,0.3552304,0.0,0.0,0.0,0.0,0.0,0.0,0.0,-2.713707,0.06346385,0.2580431,0.197055,-0.06735726,-2.718722,0.2020188,0.6126065,-0.2075834,0.7353985,33.46741,78.39548,356.0271,0.1059756,-0.02421064,-0.9940736,0.0,0.0,0.0,0.8514592,-0.5279526,-2.596752,0.02219748,0.01204976,0.8040465,0.163245,-0.05779702,-0.9848912,0.5528291,0.832195,0.04279482,0.8171481,-0.5514626,0.1678036,static,64.11385,-58.57295,1.581375,0.8585933
1126,05/05/2023 15:39:55.213283,1333,True,True,True,True,Eyes,0.2709669,-0.07061848,-2.85051,0.7358821,-0.5806685,0.3482837,0.0,0.0,0.0,0.0,0.0,0.0,0.0,-2.70897,0.05330207,0.2354958,0.1969148,-0.06804708,-2.711717,0.199583,0.6164796,-0.2061421,0.7332293,33.15083,78.96601,356.1496,0.1049162,-0.02424602,-0.9941851,0.0,0.0,0.0,0.8514592,-0.5279526,-2.596752,0.02210349,0.01062919,0.8057952,0.1549167,-0.05622116,-0.9863265,0.5483764,0.8353441,0.03851536,0.8217568,-0.5468449,0.1602391,static,64.6724,-59.04476,1.571267,0.7557411
1127,05/05/2023 15:39:55.223004,1334,True,True,True,True,Eyes,0.2682736,-0.070742,-2.844288,0.7396885,-0.5800216,0.3412269,0.0,0.0,0.0,0.0,0.0,0.0,0.0,-2.703987,0.04013899,0.2094283,0.1967172,-0.06882505,-2.704363,0.1973786,0.6207861,-0.2054921,0.7303693,32.91893,79.61405,356.2357,0.1038856,-0.02428706,-0.9942923,0.0,0.0,0.0,0.8514592,-0.5279526,-2.596752,0.0216255,0.01486035,0.8073679,0.1447953,-0.05511042,-0.9879257,0.5452301,0.8376293,0.03318535,0.8256867,-0.5434519,0.1513326,static,65.23557,-59.53168,1.534312,1.054462
1128,05/05/2023 15:39:55.242971,1335,True,True,True,True,Eyes,0.2657023,-0.07087319,-2.838027,0.7434375,-0.5794274,0.3340129,0.0,0.0,0.0,0.0,0.0,0.0,0.0,-2.698885,0.02469448,0.181283,0.1966688,-0.06938025,-2.697028,0.1963002,0.6250587,-0.2063471,0.726766,32.90767,80.29439,356.2757,0.1028854,-0.02433386,-0.9943951,0.0,0.0,0.0,0.8514592,-0.5279526,-2.596752,0.02075706,0.01661901,0.8090004,0.133445,-0.05453387,-0.9895547,0.5453305,0.8377742,0.0273705,0.8275308,-0.5432868,0.1415357,static,65.80649,-60.03855,1.469754,1.176842
1129,05/05/2023 15:39:55.263022,1336,True,True,True,True,Eyes,0.2632494,-0.07102285,-2.831714,0.7472398,-0.5786723,0.3267586,0.0,0.0,0.0,0.0,0.0,0.0,0.0,-2.692982,0.00847549,0.1548088,0.1969436,-0.06968626,-2.68934,0.1941195,0.6293749,-0.2063712,0.7236131,32.73161,80.94379,356.2978,0.1019164,-0.02438617,-0.9944937,0.0,0.0,0.0,0.8514592,-0.5279526,-2.596752,0.01897812,0.01026258,0.8101062,0.1225962,-0.05431798,-0.9909692,0.5430136,0.8394571,0.02116502,0.8307264,-0.5407045,0.1324097,static,66.38084,-60.54791,1.342006,0.7257949
1130,05/05/2023 15:39:55.283214,1337,True,True,True,True,Eyes,0.2609107,-0.07119924,-2.825411,0.7509575,-0.5779673,0.3194004,0.0,0.0,0.0,0.0,0.0,0.0,0.0,-2.686735,-0.007205423,0.1303172,0.1972976,-0.0703133,-2.681737,0.1909505,0.6336361,-0.2055632,0.7209626,32.40096,81.54884,356.3044,0.1009793,-0.0244442,-0.9945878,0.0,0.0,0.0,0.8514592,-0.5279526,-2.596752,0.01662996,0.002409011,0.8106927,0.1124982,-0.05442053,-0.9921605,0.538393,0.8425633,0.01483173,0.8351509,-0.5358409,0.1240865,static,66.95878,-61.07377,1.175159,0.1702566
1131,05/05/2023 15:39:55.293521,1338,True,True,True,True,Eyes,0.2586828,-0.07140091,-2.819063,0.7546605,-0.5772008,0.3119721,0.0,0.0,0.0,0.0,0.0,0.0,0.0,-2.68067,-0.02304949,0.1056228,0.1975881,-0.07106202,-2.674619,0.1882915,0.6377721,-0.2053584,0.7180676,32.16476,82.15217,356.2918,0.1000744,-0.02450835,-0.9946777,0.0,0.0,0.0,0.8514592,-0.5279526,-2.596752,0.01486498,-0.0005538985,0.8120383,0.1021494,-0.05474825,-0.9932614,0.5350966,0.8447484,0.008468374,0.8385924,-0.5323558,0.1155861,static,67.54009,-61.60916,1.048726,-0.03908195
1132,05/05/2023 15:39:55.313436,1339,True,True,True,True,Eyes,0.2565587,-0.07162293,-2.812692,0.7582108,-0.5765609,0.3044567,0.0,0.0,0.0,0.0,0.0,0.0,0.0,-2.67397,-0.03819631,0.07899666,0.1979938,-0.07189839,-2.667103,0.1861691,0.6419967,-0.205413,0.7148336,31.99928,82.79501,356.3064,0.09920325,-0.02457891,-0.9947633,0.0,0.0,0.0,0.8514592,-0.5279526,-2.596752,0.01283528,0.0003700405,0.8132729,0.09129152,-0.05463218,-0.9943246,0.532712,0.8462931,0.002410957,0.8413585,-0.5299087,0.1063626,static,68.12226,-62.16341,0.9041815,0.02606967
1133,05/05/2023 15:39:55.323398,1340,True,True,True,True,Eyes,0.2545471,-0.07181121,-2.806281,0.7616007,-0.5760157,0.2969349,0.0,0.0,0.0,0.0,0.0,0.0,0.0,-2.666985,-0.05651789,0.05460906,0.1983031,-0.07263389,-2.659771,0.1836161,0.6460327,-0.206024,0.7116749,31.83982,83.38562,356.2204,0.09836429,-0.02465615,-0.9948447,0.0,0.0,0.0,0.8514592,-0.5279526,-2.596752,0.009742707,-0.0003519505,0.8143438,0.08039188,-0.05600022,-0.9951891,0.5304881,0.8476785,-0.004846526,0.8438718,-0.5275463,0.09785394,static,68.70005,-62.72898,0.6854469,-0.02476261
1134,05/05/2023 15:39:55.342932,1341,True,True,True,True,Eyes,0.2526608,-0.07199344,-2.799851,0.7648496,-0.5756205,0.2892507,0.0,0.0,0.0,0.0,0.0,0.0,0.0,-2.659201,-0.08425398,0.03314424,0.1990032,-0.07199103,-2.652313,0.181821,0.6495106,-0.2095316,0.7079362,31.97988,83.89882,355.9113,0.09755874,-0.02473827,-0.994922,0.0,0.0,0.0,0.8514592,-0.5279526,-2.596752,0.006384715,-0.001738518,0.8153348,0.06846512,-0.06048063,-0.9958186,0.5328594,0.8460752,-0.01475056,0.8434296,-0.5296213,0.09015431,static,69.28439,-63.32036,0.4486621,-0.1221702
1135,05/05/2023 15:39:55.363175,1342,True,True,True,True,Eyes,0.2508646,-0.07217943,-2.793378,0.7680846,-0.5751752,0.28146,0.0,0.0,0.0,0.0,0.0,0.0,0.0,-2.650757,-0.1169125,0.005806208,0.2000879,-0.07199565,-2.644806,0.1774377,0.6544007,-0.2116192,0.7039127,31.78739,84.56219,355.5675,0.09678805,-0.02482456,-0.9949952,0.0,0.0,0.0,0.8514592,-0.5279526,-2.596752,0.002945989,-0.002726912,0.8159118,0.05395421,-0.0656921,-0.9963803,0.5301535,0.8474664,-0.02716614,0.8461834,-0.5267687,0.08055127,static,69.87495,-63.92535,0.2068754,-0.1914913
1136,05/05/2023 15:39:55.373201,1343,True,True,True,True,Eyes,0.249142,-0.07235398,-2.786874,0.7710759,-0.5750526,0.2734163,0.0,0.0,0.0,0.0,0.0,0.0,0.0,-2.64178,-0.1439665,-0.02376938,0.2004573,-0.07228354,-2.637211,0.1740861,0.6593686,-0.2133007,0.6995929,31.65924,85.29259,355.3589,0.09605144,-0.02491488,-0.9950643,0.0,0.0,0.0,0.8514592,-0.5279526,-2.596752,-0.0001279563,-0.007984444,0.8162075,0.03947196,-0.06887346,-0.9968444,0.5280209,0.8483938,-0.03770868,0.8483137,-0.5248662,0.06985437,static,70.47598,-64.57064,-0.008982219,-0.5604707
1137,05/05/2023 15:39:55.392963,1344,True,True,True,True,Eyes,0.2475077,-0.07250356,-2.780336,0.7739602,-0.5749075,0.2654561,0.0,0.0,0.0,0.0,0.0,0.0,0.0,-2.632633,-0.1625879,-0.04891777,0.200512,-0.07213108,-2.629482,0.1726154,0.6632789,-0.2148692,0.6957704,31.68424,85.92098,355.2805,0.09534801,-0.02500849,-0.9951295,0.0,0.0,0.0,0.8514592,-0.5279526,-2.596752,-0.001792908,-0.0100292,0.8166103,0.02778468,-0.07001501,-0.9971591,0.5279835,0.8480703,-0.04483511,0.8488001,-0.5252377,0.06053014,static,71.06884,-65.21548,-0.1257955,-0.7036431
1138,05/05/2023 15:39:55.413374,1345,True,True,True,True,Eyes,0.2459752,-0.07261287,-2.773767,0.7767195,-0.5748278,0.2574489,0.0,0.0,0.0,0.0,0.0,0.0,0.0,-2.623706,-0.1807332,-0.06514335,0.2010088,-0.07167917,-2.62206,0.1706874,0.6659997,-0.2164445,0.6931537,31.66348,86.32063,355.0999,0.09467752,-0.02510426,-0.9951912,0.0,0.0,0.0,0.8514592,-0.5279526,-2.596752,-0.002760828,-0.007541969,0.8171637,0.01919247,-0.07270313,-0.997169,0.5274141,0.8480352,-0.05167876,0.8493916,-0.5249291,0.05462056,static,71.66187,-65.87376,-0.1935759,-0.5287934
1139,05/05/2023 15:39:55.423775,1346,True,True,True,True,Eyes,0.2445445,-0.07267834,-2.767178,0.7794695,-0.5746028,0.2495174,0.0,0.0,0.0,0.0,0.0,0.0,0.0,-2.613956,-0.207901,-0.08156157,0.2019372,-0.0708276,-2.614737,0.1663668,0.6692994,-0.2180148,0.6905288,31.4394,86.72639,354.7281,0.09404141,-0.02520042,-0.995249,0.0,0.0,0.0,0.8514592,-0.5279526,-2.596752,-0.003975049,-0.005605847,0.8174024,0.009015834,-0.07839257,-0.9968818,0.5237892,0.8495834,-0.0620722,0.8518002,-0.5215963,0.04872087,static,72.24952,-66.52744,-0.2786286,-0.3929354
1140,05/05/2023 15:39:55.443168,1347,True,True,True,True,Eyes,0.243255,-0.07272654,-2.760543,0.7820694,-0.5744865,0.2415216,0.0,0.0,0.0,0.0,0.0,0.0,0.0,-2.603759,-0.2371608,-0.09917355,0.2029503,-0.06986001,-2.607598,0.1616985,0.672819,-0.2197365,0.6876658,31.2032,87.16286,354.3221,0.09343755,-0.02529575,-0.9953036,0.0,0.0,0.0,0.8514592,-0.5279526,-2.596752,-0.005624369,-0.005321249,0.8174723,-0.001938746,-0.08462296,-0.9964113,0.5197982,0.8511389,-0.07329666,0.854287,-0.5180748,0.04233669,static,72.83807,-67.19749,-0.3941999,-0.3729556
1141,05/05/2023 15:39:55.464465,1348,True,True,True,True,Eyes,0.2420579,-0.07283968,-2.753891,0.7849334,-0.5739133,0.2334591,0.0,0.0,0.0,0.0,0.0,0.0,0.0,-2.59251,-0.2661398,-0.1213274,0.2050626,-0.06950329,-2.599957,0.1571103,0.6767457,-0.2213064,0.6843648,30.96924,87.68311,353.9574,0.09286972,-0.02538948,-0.9953542,0.0,0.0,0.0,0.8514592,-0.5279526,-2.596752,-0.007220969,-0.007201687,0.817081,-0.01392239,-0.09026115,-0.9958209,0.515556,0.8526797,-0.0844947,0.8567428,-0.5145777,0.03466336,static,73.43619,-67.86427,-0.5063394,-0.5049874
1142,05/05/2023 15:39:55.473582,1349,True,True,True,True,Eyes,0.2408932,-0.07298616,-2.747238,0.7873845,-0.5737835,0.2253846,0.0,0.0,0.0,0.0,0.0,0.0,0.0,-2.582553,-0.2794934,-0.1501708,0.2060408,-0.07127821,-2.592819,0.1505547,0.6819412,-0.2176459,0.6818504,30.14266,88.37128,353.9286,0.0923375,-0.02548416,-0.9954014,0.0,0.0,0.0,0.8514592,-0.5279526,-2.596752,-0.008809268,-0.008802667,0.8164644,-0.02482691,-0.09146498,-0.9954989,0.5021427,0.8599271,-0.09153185,0.8644285,-0.5021548,0.02457907,static,74.02651,-68.55489,-0.6181706,-0.6177074
1143,05/05/2023 15:39:55.498799,1350,True,True,True,True,Eyes,0.2398041,-0.07314558,-2.740593,0.7894689,-0.5740777,0.2171949,0.0,0.0,0.0,0.0,0.0,0.0,0.0,-2.574043,-0.2841871,-0.1682622,0.205709,-0.07212341,-2.585972,0.1527583,0.6840048,-0.2198436,0.6785803,30.53506,88.82883,354.0431,0.09183659,-0.02558125,-0.9954453,0.0,0.0,0.0,0.8514592,-0.5279526,-2.596752,-0.009723961,-0.008928671,0.8160248,-0.03238742,-0.08938822,-0.9954701,0.5073377,0.8566675,-0.09343061,0.8611385,-0.5080656,0.01760472,static,74.61761,-69.2765,-0.6827189,-0.6268864
1144,05/05/2023 15:39:55.513321,1351,True,True,True,True,Eyes,0.2387654,-0.07328799,-2.733907,0.7911022,-0.5750241,0.2085776,0.0,0.0,0.0,0.0,0.0,0.0,0.0,-2.564479,-0.2929932,-0.1970513,0.2065075,-0.07250929,-2.579404,0.1569844,0.6870525,-0.2237689,0.6732329,31.25555,89.55565,354.2542,0.09136786,-0.02568078,-0.9954858,0.0,0.0,0.0,0.8514592,-0.5279526,-2.596752,-0.008161515,-0.008461386,0.8156558,-0.04422706,-0.08558408,-0.995349,0.5170101,0.8505668,-0.09610777,0.8548361,-0.518856,0.006629721,static,75.22984,-70.06285,-0.5732868,-0.5943491
1145,05/05/2023 15:39:55.523217,1352,True,True,True,True,Eyes,0.237786,-0.07337287,-2.727241,0.7924804,-0.5762163,0.1998738,0.0,0.0,0.0,0.0,0.0,0.0,0.0,-2.555331,-0.2973281,-0.2241671,0.2067264,-0.07224417,-2.573016,0.1605184,0.6901091,-0.2259557,0.6685264,31.76859,90.27181,354.5624,0.09092818,-0.02578237,-0.9955233,0.0,0.0,0.0,0.8514592,-0.5279526,-2.596752,-0.003876135,-0.01013384,0.8150898,-0.05461312,-0.08056417,-0.9952523,0.5236651,0.8463557,-0.09724658,0.8501722,-0.5264898,-0.004033518,static,75.84449,-70.86974,-0.2724663,-0.7123097
1146,05/05/2023 15:39:55.543655,1353,True,True,True,True,Eyes,0.2368901,-0.07337973,-2.720591,0.7936704,-0.5775869,0.1909989,0.0,0.0,0.0,0.0,0.0,0.0,0.0,-2.544807,-0.3110183,-0.2515969,0.2072158,-0.07088916,-2.566732,0.1628028,0.6935453,-0.2290139,0.6633573,32.2528,91.01762,354.7071,0.09051821,-0.02588337,-0.9955573,0.0,0.0,0.0,0.8514592,-0.5279526,-2.596752,0.0004321784,-0.01019932,0.8143952,-0.06690493,-0.07801389,-0.9947048,0.5296583,0.8420959,-0.1016702,0.8455685,-0.5336558,-0.01501968,static,76.46891,-71.70176,0.03040538,-0.7175234
1147,05/05/2023 15:39:55.563671,1354,True,True,True,True,Eyes,0.2361058,-0.07333856,-2.713958,0.7949606,-0.5787157,0.1820047,0.0,0.0,0.0,0.0,0.0,0.0,0.0,-2.532945,-0.3310289,-0.2807207,0.208366,-0.06896678,-2.560472,0.1624949,0.6977595,-0.2311821,0.6582416,32.44847,91.80265,354.725,0.09013774,-0.02598109,-0.9955887,0.0,0.0,0.0,0.8514592,-0.5279526,-2.596752,0.004384711,-0.009954028,0.8135505,-0.08062683,-0.07758263,-0.9937204,0.531112,0.8403004,-0.1086971,0.8434567,-0.5365408,-0.02654569,static,77.10449,-72.54176,0.3087983,-0.7009956
1148,05/05/2023 15:39:55.573286,1355,True,True,True,True,Eyes,0.2354051,-0.07328203,-2.707339,0.79641,-0.5794944,0.1729666,0.0,0.0,0.0,0.0,0.0,0.0,0.0,-2.520657,-0.3475707,-0.3130417,0.2102382,-0.06781748,-2.554156,0.1590006,0.7029335,-0.2299626,0.6540034,32.09136,92.6245,354.7678,0.08978777,-0.02607411,-0.9956174,0.0,0.0,0.0,0.8514592,-0.5279526,-2.596752,0.008155167,-0.01048683,0.8126943,-0.09399679,-0.07725896,-0.9925703,0.5243264,0.843672,-0.115323,0.8463135,-0.5312707,-0.03879357,static,77.74663,-73.38078,0.5749283,-0.739291
1149,05/05/2023 15:39:55.593284,1356,True,True,True,True,Eyes,0.2347629,-0.07323056,-2.700731,0.7977859,-0.5802544,0.1638369,0.0,0.0,0.0,0.0,0.0,0.0,0.0,-2.507949,-0.3601701,-0.3467088,0.2115243,-0.06741689,-2.547636,0.1550449,0.7083649,-0.2276634,0.6498844,31.60499,93.4761,354.8633,0.08946824,-0.02616234,-0.9956436,0.0,0.0,0.0,0.8514592,-0.5279526,-2.596752,0.01077782,-0.01329203,0.8114371,-0.1072229,-0.07625314,-0.9913066,0.5155665,0.8482609,-0.1210151,0.8501144,-0.52406,-0.0516394,static,78.39484,-74.23279,0.7609801,-0.9384697
1150,05/05/2023 15:39:55.616504,1357,True,True,True,True,Eyes,0.2341787,-0.07316137,-2.69416,0.7990289,-0.58103,0.1547807,0.0,0.0,0.0,0.0,0.0,0.0,0.0,-2.495643,-0.3709786,-0.3761897,0.2123015,-0.06748713,-2.54121,0.1543913,0.712562,-0.2279297,0.6453424,31.60759,94.2532,355.0046,0.08917817,-0.02624644,-0.9956672,0.0,0.0,0.0,0.8514592,-0.5279526,-2.596752,0.01232415,-0.01442435,0.8104481,-0.1193933,-0.07415866,-0.9900738,0.5142123,0.8484228,-0.1255576,0.8493123,-0.5240987,-0.06316261,static,79.03696,-75.08337,0.8712065,-1.019642
1151,05/05/2023 15:39:55.623551,1358,True,True,True,True,Eyes,0.2336713,-0.07308077,-2.687614,0.8001766,-0.581818,0.1456204,0.0,0.0,0.0,0.0,0.0,0.0,0.0,-2.483852,-0.3794432,-0.4040253,0.213185,-0.06692627,-2.535114,0.1556438,0.7161796,-0.2290113,0.640637,31.83324,95.01557,355.2408,0.08891662,-0.02632616,-0.9956883,0.0,0.0,0.0,0.8514592,-0.5279526,-2.596752,0.01332168,-0.01631176,0.8092134,-0.1307189,-0.07048821,-0.9889106,0.516364,0.8466577,-0.128604,0.8463339,-0.5274488,-0.07427653,static,79.68588,-75.94838,0.9431471,-1.154787
1152,05/05/2023 15:39:55.643213,1359,True,True,True,True,Eyes,0.2332219,-0.07298908,-2.681085,0.8011859,-0.5826361,0.1365151,0.0,0.0,0.0,0.0,0.0,0.0,0.0,-2.471563,-0.3870285,-0.4339268,0.2145437,-0.06656814,-2.52908,0.1559214,0.7202045,-0.2290241,0.6360362,31.88606,95.8139,355.4915,0.08868349,-0.0264015,-0.9957071,0.0,0.0,0.0,0.8514592,-0.5279526,-2.596752,0.01386315,-0.02081478,0.8077952,-0.142293,-0.0667446,-0.9875717,0.5159259,0.8464729,-0.1315451,0.8447327,-0.5282317,-0.08601195,static,80.33017,-76.81315,0.9831976,-1.476037
1153,05/05/2023 15:39:55.663464,1360,True,True,True,True,Eyes,0.2328189,-0.07288484,-2.674565,0.8019853,-0.583613,0.1273401,0.0,0.0,0.0,0.0,0.0,0.0,0.0,-2.457905,-0.3986396,-0.4643104,0.215523,-0.06618112,-2.522887,0.1561369,0.7243711,-0.2299216,0.6309072,32.01307,96.64939,355.677,0.08847801,-0.02647248,-0.9957235,0.0,0.0,0.0,0.8514592,-0.5279526,-2.596752,0.01379435,-0.02402257,0.8064106,-0.1551549,-0.06391628,-0.9858204,0.5163204,0.8455147,-0.1360813,0.8422235,-0.5301129,-0.09818451,static,80.97784,-77.69139,0.979998,-1.706308
1154,05/05/2023 15:39:55.673569,1361,True,True,True,True,Eyes,0.2324742,-0.07274532,-2.668037,0.8025852,-0.5846871,0.1183126,0.0,0.0,0.0,0.0,0.0,0.0,0.0,-2.443481,-0.4144217,-0.4913609,0.2162799,-0.06573658,-2.516482,0.156986,0.7280068,-0.2324582,0.6255597,32.33512,97.43098,355.7743,0.08829914,-0.02653908,-0.9957377,0.0,0.0,0.0,0.8514592,-0.5279526,-2.596752,0.01315788,-0.02435833,0.8051882,-0.1680613,-0.06225927,-0.9838087,0.5194066,0.8426372,-0.1420541,0.8378381,-0.5348704,-0.1092768,static,81.61417,-78.56055,0.9362085,-1.732768
1155,05/05/2023 15:39:55.693165,1362,True,True,True,True,Eyes,0.2322057,-0.07258531,-2.661508,0.8031132,-0.5857223,0.1092638,0.0,0.0,0.0,0.0,0.0,0.0,0.0,-2.428888,-0.4326186,-0.5144236,0.2173542,-0.06472236,-2.509951,0.1572858,0.7312232,-0.2352586,0.6206667,32.63581,98.11356,355.777,0.08814644,-0.02660042,-0.9957497,0.0,0.0,0.0,0.8514592,-0.5279526,-2.596752,0.01338149,-0.02732445,0.8037696,-0.1800679,-0.06201221,-0.9816975,0.5220564,0.8398291,-0.1488089,0.8336862,-0.5392972,-0.1188525,static,82.25246,-79.43319,0.9537956,-1.947042
1156,05/05/2023 15:39:55.713228,1363,True,True,True,True,Eyes,0.2319942,-0.07243137,-2.654999,0.8036227,-0.586583,0.1005527,0.0,0.0,0.0,0.0,0.0,0.0,0.0,-2.413775,-0.4494489,-0.5388465,0.2189299,-0.06406993,-2.503325,0.155695,0.7349102,-0.2363827,0.6162704,32.63876,98.78902,355.743,0.08802016,-0.02665628,-0.9957595,0.0,0.0,0.0,0.8514592,-0.5279526,-2.596752,0.01417831,-0.03213363,0.802091,-0.1919396,-0.06250762,-0.979414,0.520195,0.8397646,-0.1555397,0.8321996,-0.5393406,-0.1286679,static,82.86797,-80.27283,1.012694,-2.294175
1157,05/05/2023 15:39:55.723078,1364,True,True,True,True,Eyes,0.2318343,-0.07228318,-2.64849,0.8040318,-0.5874491,0.09185017,0.0,0.0,0.0,0.0,0.0,0.0,0.0,-2.400148,-0.4591472,-0.5606508,0.2201132,-0.06394053,-2.496661,0.1540707,0.7382308,-0.2361679,0.6127825,32.51473,99.38069,355.7863,0.08791977,-0.02670741,-0.9957672,0.0,0.0,0.0,0.8514592,-0.5279526,-2.596752,0.01446413,-0.03541391,0.80056,-0.2015197,-0.06195959,-0.9775229,0.5169185,0.8409739,-0.1598691,0.8319766,-0.5375165,-0.1374447,static,83.48296,-81.11351,1.03508,-2.532909
1158,05/05/2023 15:39:55.743251,1365,True,True,True,True,Eyes,0.2317277,-0.07213885,-2.641983,0.8043472,-0.5883015,0.08322892,0.0,0.0,0.0,0.0,0.0,0.0,0.0,-2.386829,-0.4684702,-0.5809133,0.2212987,-0.06402279,-2.490141,0.1536695,0.7410966,-0.2368582,0.609147,32.56691,99.9539,355.8632,0.08784468,-0.02675449,-0.9957727,0.0,0.0,0.0,0.8514592,-0.5279526,-2.596752,0.0146189,-0.03767709,0.7989485,-0.2106518,-0.06079506,-0.975669,0.5163307,0.8405678,-0.1638551,0.8300776,-0.5382842,-0.1456768,static,84.09241,-81.94762,1.048263,-2.699974
1159,05/05/2023 15:39:55.763218,1366,True,True,True,True,Eyes,0.2316675,-0.07199488,-2.635477,0.8045271,-0.5892178,0.07455592,0.0,0.0,0.0,0.0,0.0,0.0,0.0,-2.372435,-0.4813828,-0.6023016,0.2224646,-0.06396443,-2.483819,0.1535042,0.7441006,-0.2384296,0.6048987,32.72041,100.5817,355.9099,0.08779442,-0.02679807,-0.9957761,0.0,0.0,0.0,0.8514592,-0.5279526,-2.596752,0.01529,-0.03977775,0.7975485,-0.2210685,-0.06000641,-0.9734107,0.5168964,0.8391756,-0.1691222,0.8270109,-0.54054,-0.1544982,static,84.70549,-82.78848,1.098297,-2.855262
1160,05/05/2023 15:39:55.773435,1367,True,True,True,True,Eyes,0.231664,-0.07184584,-2.628932,0.8046303,-0.590122,0.06577242,0.0,0.0,0.0,0.0,0.0,0.0,0.0,-2.355961,-0.4976369,-0.6266682,0.2235592,-0.06380995,-2.477268,0.1529794,0.747617,-0.2403273,0.5999242,32.88112,101.3078,355.9292,0.08776831,-0.02683852,-0.9957775,0.0,0.0,0.0,0.8514592,-0.5279526,-2.596752,0.01691909,-0.03893003,0.7967968,-0.2333766,-0.05961641,-0.9705573,0.5170963,0.8376802,-0.1757935,0.8234968,-0.5428976,-0.1646675,static,85.3269,-83.64031,1.216429,-2.797143
1161,05/05/2023 15:39:55.793238,1368,True,True,True,True,Eyes,0.2317075,-0.07171696,-2.622377,0.8046583,-0.5910083,0.05686956,0.0,0.0,0.0,0.0,0.0,0.0,0.0,-2.337702,-0.5166469,-0.6531973,0.2247516,-0.06358775,-2.470604,0.1514935,0.7516147,-0.2420804,0.5945776,32.95987,102.0908,355.8896,0.0877663,-0.026876,-0.9957768,0.0,0.0,0.0,0.8514592,-0.5279526,-2.596752,0.01721716,-0.04238689,0.7952342,-0.2470549,-0.06014166,-0.9671335,0.5156005,0.8368937,-0.1837531,0.8204391,-0.5440515,-0.1757496,static,85.95732,-84.50365,1.240284,-3.051043
1162,05/05/2023 15:39:55.813074,1369,True,True,True,True,Eyes,0.2317928,-0.07161624,-2.615769,0.804678,-0.591771,0.04796436,0.0,0.0,0.0,0.0,0.0,0.0,0.0,-2.317947,-0.5350844,-0.6823514,0.2259445,-0.0639423,-2.463667,0.1495233,0.7560215,-0.2433807,0.5889316,32.96455,102.938,355.8592,0.08778789,-0.02691158,-0.995774,0.0,0.0,0.0,0.8514592,-0.5279526,-2.596752,0.01674882,-0.04436981,0.7942453,-0.261605,-0.06058356,-0.963272,0.5127548,0.8368173,-0.1918841,0.8177076,-0.54412,-0.1878511,static,86.58881,-85.36618,1.208058,-3.197454
1163,05/05/2023 15:39:55.823076,1370,True,True,True,True,Eyes,0.2318939,-0.07154712,-2.60914,0.804618,-0.5925131,0.0389615,0.0,0.0,0.0,0.0,0.0,0.0,0.0,-2.297998,-0.5501247,-0.7118685,0.2268273,-0.06459322,-2.456535,0.1476833,0.7604619,-0.2440809,0.5833627,32.92456,103.8002,355.89,0.08783259,-0.02694659,-0.9957693,0.0,0.0,0.0,0.8514592,-0.5279526,-2.596752,0.01736355,-0.04434678,0.7939199,-0.2757555,-0.06016035,-0.9593435,0.5093905,0.8372283,-0.1989226,0.8151568,-0.5435343,-0.2002252,static,87.22777,-86.23785,1.252897,-3.197105
1164,05/05/2023 15:39:55.843134,1371,True,True,True,True,Eyes,0.2320039,-0.07147848,-2.602513,0.8045708,-0.5930902,0.0301625,0.0,0.0,0.0,0.0,0.0,0.0,0.0,-2.278944,-0.562004,-0.7386615,0.2273193,-0.06528221,-2.44931,0.1464454,0.7644643,-0.2446662,0.5781753,32.91672,104.6071,355.9687,0.08789889,-0.02698232,-0.9957625,0.0,0.0,0.0,0.8514592,-0.5279526,-2.596752,0.02041997,-0.0451871,0.7933807,-0.2885343,-0.05901541,-0.9556491,0.5068245,0.8373844,-0.204735,0.8123282,-0.5434194,-0.2117037,static,87.85305,-87.08865,1.474349,-3.259767
1165,05/05/2023 15:39:55.863279,1372,True,True,True,True,Eyes,0.2321211,-0.0714102,-2.595845,0.8044588,-0.5936267,0.02129397,0.0,0.0,0.0,0.0,0.0,0.0,0.0,-2.259462,-0.5752599,-0.7632766,0.2278704,-0.065202,-2.441824,0.1452476,0.7682314,-0.2455794,0.5730748,32.94262,105.3783,356.0163,0.08798508,-0.02701873,-0.995754,0.0,0.0,0.0,0.8514592,-0.5279526,-2.596752,0.02376262,-0.04926958,0.7925739,-0.3009775,-0.05830316,-0.9518475,0.5046381,0.8371879,-0.2108481,0.8091684,-0.5437989,-0.2225526,static,88.48374,-87.94563,1.717304,-3.557158
1166,05/05/2023 15:39:55.873777,1373,True,True,True,True,Eyes,0.2322334,-0.07131741,-2.589145,0.8045753,-0.5937153,0.01268222,0.0,0.0,0.0,0.0,0.0,0.0,0.0,-2.239673,-0.5878562,-0.7870233,0.228176,-0.06514818,-2.434092,0.1435069,0.7720081,-0.2461223,0.5681843,32.89447,106.1233,356.0317,0.08808971,-0.02705584,-0.9957438,0.0,0.0,0.0,0.8514592,-0.5279526,-2.596752,0.02670072,-0.05360165,0.7917981,-0.3131452,-0.05810862,-0.947926,0.5012625,0.8376592,-0.21694,0.806645,-0.5430934,-0.2331813,static,89.09695,-88.77631,1.931375,-3.872792
1167,05/05/2023 15:39:55.898143,1374,True,True,True,True,Eyes,0.2323608,-0.07120158,-2.582398,0.8046716,-0.5937067,0.003998446,0.0,0.0,0.0,0.0,0.0,0.0,0.0,-2.220586,-0.6013982,-0.8062699,0.2282825,-0.06448573,-2.426208,0.1419678,0.775221,-0.2471944,0.563713,32.90985,106.7712,355.9988,0.08821101,-0.02709269,-0.9957321,0.0,0.0,0.0,0.8514592,-0.5279526,-2.596752,0.02918932,-0.05792753,0.7898146,-0.3241454,-0.05858045,-0.9441916,0.4988063,0.8374802,-0.2232023,0.803817,-0.5433188,-0.2422449,static,89.7153,-89.61414,2.116527,-4.194745
1168,05/05/2023 15:39:55.915162,1375,True,True,True,True,Eyes,0.2323608,-0.07120158,-2.582398,0.8046716,-0.5937067,0.003998446,0.0,0.0,0.0,0.0,0.0,0.0,0.0,-2.200131,-0.6136817,-0.82902,0.2287861,-0.06383866,-2.418272,0.1392508,0.7790534,-0.2470785,0.5591398,32.73103,107.4765,355.9553,0.0883482,-0.02712848,-0.995719,0.0,0.0,0.0,0.8514592,-0.5279526,-2.596752,0.02966066,-0.06825461,0.7871427,-0.3359438,-0.05933522,-0.9400112,0.4932704,0.8391229,-0.2292533,0.8023877,-0.5406959,-0.2526299,static,89.7153,-89.61414,2.157966,-4.955828
1169,05/05/2023 15:39:55.928359,1376,True,True,True,True,Eyes,0.2323608,-0.07120158,-2.582398,0.8046716,-0.5937067,0.003998446,0.0,0.0,0.0,0.0,0.0,0.0,0.0,-2.180244,-0.6208031,-0.8520846,0.2290185,-0.06332409,-2.410072,0.1351689,0.7831436,-0.2450878,0.5552905,32.27571,108.1354,355.8982,0.08847167,-0.02716069,-0.9957071,0.0,0.0,0.0,0.8514592,-0.5279526,-2.596752,0.03056243,-0.06187345,0.7874818,-0.3467638,-0.06047644,-0.9360008,0.4839032,0.8433227,-0.2337618,0.8034878,-0.5339939,-0.2631691,static,89.7153,-89.61414,2.222553,-4.492573
1170,05/05/2023 15:39:55.947037,1377,True,True,True,True,Eyes,0.2324916,-0.07102509,-2.574861,0.805546,-0.5925052,-0.005762911,0.0,0.0,0.0,0.0,0.0,0.0,0.0,-2.160051,-0.6265202,-0.8746202,0.2288778,-0.0628017,-2.401453,0.1311308,0.7871955,-0.2429333,0.5514628,31.8097,108.7916,355.8508,0.08858278,-0.02718968,-0.9956964,0.0,0.0,0.0,0.8514592,-0.5279526,-2.596752,0.02772194,-0.05227114,0.7875225,-0.3573867,-0.06148614,-0.9319302,0.4743886,0.8475762,-0.2378444,0.804506,-0.5270995,-0.2737442,static,-89.59011,89.44274,2.016063,-3.797389
1171,05/05/2023 15:39:55.963791,1378,True,True,True,True,Eyes,0.2325991,-0.07083426,-2.567282,0.8063963,-0.5911729,-0.01547999,0.0,0.0,0.0,0.0,0.0,0.0,0.0,-2.14064,-0.6333213,-0.8934493,0.2284868,-0.06252266,-2.392817,0.1275652,0.7906844,-0.2416472,0.5478612,31.46042,109.3698,355.761,0.08871382,-0.0272169,-0.995684,0.0,0.0,0.0,0.8514592,-0.5279526,-2.596752,0.02512584,-0.04575916,0.7881554,-0.3671504,-0.06305061,-0.928022,0.4665058,0.8506675,-0.2423574,0.804719,-0.5219094,-0.2829093,static,-88.90025,88.50004,1.825931,-3.32278
1172,05/05/2023 15:39:55.972974,1379,True,True,True,True,Eyes,0.2327067,-0.07061128,-2.559649,0.8075646,-0.5892451,-0.02509129,0.0,0.0,0.0,0.0,0.0,0.0,0.0,-2.121547,-0.6409502,-0.9100411,0.2280231,-0.0620258,-2.384138,0.124207,0.793864,-0.2408054,0.5443944,31.16931,109.9037,355.6447,0.0888622,-0.02724203,-0.9956701,0.0,0.0,0.0,0.8514592,-0.5279526,-2.596752,0.02241509,-0.04061021,0.7891173,-0.3764144,-0.06497934,-0.9241697,0.4593932,0.8531708,-0.2470983,0.8045309,-0.5175688,-0.2912948,static,-88.22038,87.5617,1.627065,-2.946004
1173,05/05/2023 15:39:55.992931,1380,True,True,True,True,Eyes,0.2328167,-0.07033218,-2.551975,0.8085998,-0.5873394,-0.03462105,0.0,0.0,0.0,0.0,0.0,0.0,0.0,-2.101024,-0.6541315,-0.9257293,0.2279347,-0.06116658,-2.375598,0.1203317,0.7969835,-0.2409554,0.5406277,30.94294,110.4258,355.4037,0.08902657,-0.0272641,-0.9956548,0.0,0.0,0.0,0.8514592,-0.5279526,-2.596752,0.01981033,-0.040188,0.7896489,-0.3864844,-0.06872955,-0.9197317,0.4523391,0.8549216,-0.2539657,0.8037534,-0.5141842,-0.2993248,static,-87.54832,86.62657,1.437107,-2.913469
1476,05/05/2023 15:40:01.043420,1683,True,True,True,True,Eyes,2.129786,0.02369058,-2.125971,-0.9355465,0.1344236,-0.3266237,0.0,0.0,0.0,0.0,0.0,0.0,0.0,2.790302,-0.0713779,1.453166,2.237128,0.02015734,-2.213013,-0.02307434,-0.8029776,-0.0985405,0.5873536,349.3181,252.7983,355.4064,0.7056548,0.007750353,-0.7085093,0.0,0.0,0.0,1.037229,0.1712949,-2.483874,0.06783757,-0.02192682,1.164121,-0.3089662,-0.07869989,0.9478111,0.1528126,0.9795147,0.131146,-0.9387161,0.1853572,-0.2906106,static,70.75457,-22.36985,3.335063,-1.079068
1477,05/05/2023 15:40:01.063319,1684,True,True,True,True,Eyes,2.133821,0.02352592,-2.130157,-0.9370886,0.1335743,-0.3225258,0.0,0.0,0.0,0.0,0.0,0.0,0.0,2.790197,-0.07325602,1.464209,2.238538,0.01869895,-2.218801,-0.02328005,-0.8018817,-0.09716635,0.5890691,349.4404,253.0188,355.4995,0.7058612,0.007762545,-0.7083034,0.0,0.0,0.0,1.037229,0.1712949,-2.483874,0.0712688,-0.02184682,1.168851,-0.3049109,-0.07713971,0.9492517,0.1518111,0.9800335,0.1284047,-0.9402035,0.183259,-0.2871123,static,71.00764,-22.49693,3.489197,-1.070782
1478,05/05/2023 15:40:01.073027,1685,True,True,True,True,Eyes,2.13774,0.02332741,-2.134408,-0.9386099,0.1326978,-0.318438,0.0,0.0,0.0,0.0,0.0,0.0,0.0,2.790669,-0.07055777,1.474378,2.23985,0.0178168,-2.224714,-0.02261405,-0.8009626,-0.09531298,0.5906463,349.6653,253.2145,355.5479,0.7060443,0.007766539,-0.7081208,0.0,0.0,0.0,1.037229,0.1712949,-2.483874,0.07226074,-0.02867089,1.173686,-0.3012512,-0.07636651,0.950482,0.1488185,0.980808,0.1259704,-0.9418603,0.1793981,-0.2841047,static,71.2597,-22.62222,3.523103,-1.399348
1479,05/05/2023 15:40:01.093280,1686,True,True,True,True,Eyes,2.141535,0.02310191,-2.138727,-0.9401283,0.131822,-0.3142955,0.0,0.0,0.0,0.0,0.0,0.0,0.0,2.790598,-0.06800288,1.485142,2.241012,0.01684627,-2.230536,-0.02228367,-0.7997808,-0.09553156,0.5922228,349.6767,253.4469,355.4814,0.7062035,0.007762072,-0.707962,0.0,0.0,0.0,1.037229,0.1712949,-2.483874,0.07130447,-0.02872058,1.178892,-0.2975512,-0.07750784,0.9515544,0.1487961,0.9807543,0.1264148,-0.9430392,0.1792024,-0.2802917,static,71.51464,-22.75418,3.461277,-1.395583
1480,05/05/2023 15:40:01.113842,1687,True,True,True,True,Eyes,2.145207,0.0228512,-2.14313,-0.9416552,0.1311181,-0.3099898,0.0,0.0,0.0,0.0,0.0,0.0,0.0,2.787955,-0.06165794,1.500612,2.241858,0.01597242,-2.236549,-0.02129176,-0.7980901,-0.09597616,0.5944639,349.717,253.7823,355.3292,0.7063382,0.007749137,-0.707828,0.0,0.0,0.0,1.037229,0.1712949,-2.483874,0.07134134,-0.02815267,1.183969,-0.2923186,-0.08012323,0.9529586,0.1480942,0.9806705,0.1278809,-0.9447846,0.1785096,-0.2748024,static,71.77863,-22.92717,3.448251,-1.362135
1481,05/05/2023 15:40:01.123647,1688,True,True,True,True,Eyes,2.148754,0.02256745,-2.147612,-0.9431925,0.1304917,-0.3055484,0.0,0.0,0.0,0.0,0.0,0.0,0.0,2.783085,-0.05821806,1.519909,2.242543,0.0150943,-2.242732,-0.02085322,-0.7958304,-0.09750843,0.5972532,349.6238,254.2161,355.1431,0.7064472,0.007727792,-0.7077196,0.0,0.0,0.0,1.037229,0.1712949,-2.483874,0.07236689,-0.03824515,1.188007,-0.2857077,-0.0832832,0.9546911,0.1496657,0.9801145,0.1302911,-0.9465577,0.1801096,-0.2675615,static,72.0502,-23.12606,3.485838,-1.843869
1482,05/05/2023 15:40:01.143229,1689,True,True,True,True,Eyes,2.15219,0.02223322,-2.152183,-0.9447454,0.1298793,-0.3009774,0.0,0.0,0.0,0.0,0.0,0.0,0.0,2.777362,-0.05434912,1.540753,2.24311,0.01399132,-2.249194,-0.0203476,-0.7933843,-0.09899945,0.6002721,349.5418,254.6846,354.9498,0.70653,0.007697833,-0.7076375,0.0,0.0,0.0,1.037229,0.1712949,-2.483874,0.07460836,-0.0487185,1.191845,-0.2785189,-0.08656631,0.9565217,0.1511401,0.9795702,0.132661,-0.9484641,0.1815174,-0.2597452,static,72.32914,-23.3414,3.581988,-2.340751
1483,05/05/2023 15:40:01.163190,1690,True,True,True,True,Eyes,2.155523,0.0218817,-2.156829,-0.9463446,0.1290971,-0.2962532,0.0,0.0,0.0,0.0,0.0,0.0,0.0,2.770605,-0.04434872,1.56356,2.243863,0.01244906,-2.25563,-0.01873443,-0.790922,-0.09928627,0.6035177,349.6495,255.1682,354.7386,0.7065859,0.007658509,-0.7075825,0.0,0.0,0.0,1.037229,0.1712949,-2.483874,0.07707101,-0.0502964,1.195809,-0.2708308,-0.09020709,0.958391,0.149477,0.9795825,0.1344423,-0.9509507,0.1796685,-0.2518172,static,72.61726,-23.54595,3.687667,-2.408473
1484,05/05/2023 15:40:01.173170,1691,True,True,True,True,Eyes,2.158745,0.02152427,-2.161555,-0.947942,0.1283922,-0.2914128,0.0,0.0,0.0,0.0,0.0,0.0,0.0,2.762288,-0.02842161,1.58922,2.24479,0.01171406,-2.262176,-0.01591001,-0.788277,-0.09880655,0.6071273,349.916,255.6949,354.4691,0.7066147,0.007610238,-0.7075545,0.0,0.0,0.0,1.037229,0.1712949,-2.483874,0.07914436,-0.05443325,1.199313,-0.2622869,-0.09489331,0.960313,0.1450593,0.9799682,0.1364551,-0.954025,0.1750927,-0.2432677,static,72.91172,-23.77759,3.775554,-2.598701
1485,05/05/2023 15:40:01.193234,1692,True,True,True,True,Eyes,2.161864,0.02117144,-2.166373,-0.9495853,0.1276754,-0.2863335,0.0,0.0,0.0,0.0,0.0,0.0,0.0,2.751805,-0.01565549,1.617899,2.245404,0.01123071,-2.268988,-0.01374998,-0.7850307,-0.1001982,0.611145,349.9723,256.3177,354.1198,0.7066162,0.007553775,-0.7075539,0.0,0.0,0.0,1.037229,0.1712949,-2.483874,0.08075517,-0.06091054,1.202691,-0.2526256,-0.100883,0.9622906,0.1440596,0.9795425,0.1405109,-0.9567797,0.1741238,-0.2329244,static,73.22009,-24.03198,3.841383,-2.89928
1486,05/05/2023 15:40:01.213352,1693,True,True,True,True,Eyes,2.164887,0.02084938,-2.171297,-0.9512295,0.1270487,-0.281107,0.0,0.0,0.0,0.0,0.0,0.0,0.0,2.740191,-0.005455047,1.648452,2.246132,0.01097621,-2.276146,-0.01191708,-0.7815193,-0.101542,0.6154469,350.0154,256.983,353.8002,0.7065898,0.007490139,-0.707581,0.0,0.0,0.0,1.037229,0.1712949,-2.483874,0.08268416,-0.05863214,1.206647,-0.2421663,-0.1063606,0.9643875,0.1436143,0.9790944,0.1440454,-0.9595471,0.1733828,-0.2218287,static,73.53655,-24.32099,3.920003,-2.781869
1487,05/05/2023 15:40:01.223728,1694,True,True,True,True,Eyes,2.167802,0.02057134,-2.176317,-0.9528894,0.1265602,-0.2756524,0.0,0.0,0.0,0.0,0.0,0.0,0.0,2.728828,0.002059311,1.678143,2.246868,0.01136457,-2.283445,-0.0103651,-0.7780688,-0.1024585,0.6196805,350.0793,257.6314,353.5385,0.7065353,0.007421095,-0.7076364,0.0,0.0,0.0,1.037229,0.1712949,-2.483874,0.08482733,-0.06232699,1.209808,-0.2317778,-0.1108535,0.966432,0.1431125,0.9787897,0.1465934,-0.9621841,0.1722856,-0.2109971,static,73.86588,-24.66126,4.010807,-2.949161
1488,05/05/2023 15:40:01.243520,1695,True,True,True,True,Eyes,2.170616,0.02038819,-2.181426,-0.9545158,0.1261811,-0.2701444,0.0,0.0,0.0,0.0,0.0,0.0,0.0,2.71786,-0.000500232,1.706358,2.24723,0.01209838,-2.2909,-0.01051181,-0.7744873,-0.104654,0.6237842,349.9085,258.2862,353.3343,0.7064521,0.007348663,-0.7077203,0.0,0.0,0.0,1.037229,0.1712949,-2.483874,0.08733103,-0.06580318,1.212806,-0.221566,-0.1142805,0.968426,0.1468455,0.9778741,0.1489922,-0.9640256,0.1752206,-0.199882,static,74.19758,-25.0367,4.118611,-3.105649
1489,05/05/2023 15:40:01.263421,1696,True,True,True,True,Eyes,2.173315,0.02027939,-2.186647,-0.9561501,0.1260395,-0.2643691,0.0,0.0,0.0,0.0,0.0,0.0,0.0,2.706062,0.007498592,1.735491,2.247716,0.01419577,-2.298331,-0.008607027,-0.7710097,-0.1054719,0.6279695,350.0115,258.9323,353.0485,0.7063401,0.007276302,-0.7078328,0.0,0.0,0.0,1.037229,0.1712949,-2.483874,0.08917615,-0.07025035,1.215432,-0.2111606,-0.1191941,0.9701567,0.1457385,0.9776032,0.1518299,-0.9665256,0.1734497,-0.1890602,static,74.54424,-25.48974,4.196269,-3.30794
1490,05/05/2023 15:40:01.273389,1697,True,True,True,True,Eyes,2.175919,0.02017953,-2.192,-0.9576934,0.1261513,-0.258668,0.0,0.0,0.0,0.0,0.0,0.0,0.0,2.693675,-0.002245218,1.765177,2.247686,0.01579927,-2.306382,-0.009795817,-0.7669609,-0.1086466,0.6323537,349.6859,259.6564,352.8545,0.7061988,0.007206444,-0.7079746,0.0,0.0,0.0,1.037229,0.1712949,-2.483874,0.09147564,-0.07634349,1.217659,-0.2000662,-0.1223801,0.9721094,0.1524321,0.9762,0.1542665,-0.9678523,0.1790442,-0.1766499,static,74.88536,-25.9983,4.29623,-3.587576
1491,05/05/2023 15:40:01.293084,1698,True,True,True,True,Eyes,2.178427,0.02005434,-2.197446,-0.9592428,0.1261052,-0.2528848,1.180913,1.045645,0.1689737,-2.496081,0.5607477,-0.1546791,-0.8134103,0.03324591,-0.06739399,1.223261,2.247947,0.01580105,-2.314358,-0.01218556,-0.7636777,-0.1091727,0.6361834,349.4991,260.2387,352.9725,0.7060272,0.00713914,-0.7081461,0.0,0.0,0.0,1.037229,0.1712949,-2.483874,0.09378049,-0.07875864,1.219966,-0.1902445,-0.120296,0.9743386,0.1575194,0.9758657,0.151241,-0.9690173,0.18225,-0.166704,static,75.23117,-26.5039,4.395762,-3.693779
1492,05/05/2023 15:40:01.313364,1699,True,True,True,True,Eyes,2.18085,0.01989486,-2.202957,-0.9607244,0.1257709,-0.2473671,1.180266,1.046939,0.168338,-2.494916,0.647398,-0.1971515,-0.7362114,0.03155783,-0.06215931,1.221291,2.248222,0.01513266,-2.322116,-0.01311537,-0.7612554,-0.1060033,0.6395947,349.7369,260.6796,353.2516,0.7058257,0.007073331,-0.7083473,0.0,0.0,0.0,1.037229,0.1712949,-2.483874,0.09578359,-0.0808026,1.22197,-0.181493,-0.1156301,0.9765705,0.1555666,0.9771825,0.1446142,-0.9710094,0.1781683,-0.1593638,static,75.56113,-26.95053,4.481939,-3.783167
1493,05/05/2023 15:40:01.323525,1700,True,True,True,True,Eyes,2.183206,0.01972741,-2.208538,-0.9622419,0.1250191,-0.2417866,1.180087,1.047677,0.1672608,-2.493867,0.69605,-0.2687703,-0.6657904,0.02985363,-0.05416993,1.22025,2.248669,0.01425768,-2.32942,-0.01339766,-0.7590343,-0.1016546,0.6429263,350.1223,261.0878,353.5674,0.7055948,0.007007783,-0.7085775,0.0,0.0,0.0,1.037229,0.1712949,-2.483874,0.097334,-0.08386715,1.223562,-0.1729331,-0.1103743,0.9787298,0.1510514,0.9789737,0.1370913,-0.9732821,0.1715461,-0.1526247,static,75.89507,-27.34185,4.548286,-3.921118
1494,05/05/2023 15:40:01.343632,1701,True,True,True,True,Eyes,2.185503,0.0196176,-2.214171,-0.9636798,0.1240128,-0.2365207,1.180906,1.047488,0.1660651,-2.49348,0.6841164,-0.3487669,-0.640583,0.0273578,-0.04195674,1.220649,2.249492,0.01402518,-2.336761,-0.01116422,-0.7568302,-0.09663197,0.6463324,350.7525,261.5032,353.7172,0.7053356,0.006942236,-0.7088356,0.0,0.0,0.0,1.037229,0.1712949,-2.483874,0.09901994,-0.08358184,1.22539,-0.1642593,-0.1080139,0.9804854,0.1418116,0.9810753,0.1318364,-0.9761702,0.1606996,-0.1458332,static,76.21019,-27.66898,4.619856,-3.902008
1495,05/05/2023 15:40:01.363263,1702,True,True,True,True,Eyes,2.187725,0.01958808,-2.219886,-0.9650953,0.1231521,-0.2311376,1.181552,1.047415,0.1650987,-2.492987,0.6787779,-0.4129149,-0.6072577,0.02548251,-0.0338209,1.220729,2.25051,0.01542861,-2.344216,-0.008521141,-0.754526,-0.09345008,0.6495267,351.2519,261.9291,353.6953,0.705049,0.006878566,-0.7091205,0.0,0.0,0.0,1.037229,0.1712949,-2.483874,0.1001661,-0.08339964,1.226946,-0.1560849,-0.1085378,0.9817622,0.1342555,0.982389,0.1299516,-0.978577,0.1520905,-0.1387642,static,76.53151,-28.04908,4.667193,-3.888605
1496,05/05/2023 15:40:01.373100,1703,True,True,True,True,Eyes,2.189862,0.01958604,-2.225659,-0.9663793,0.1228388,-0.2258794,1.182112,1.047493,0.1647953,-2.492674,0.6842036,-0.4332874,-0.5866237,0.02408153,-0.03928809,1.219744,2.250966,0.01729344,-2.351977,-0.009297935,-0.7517908,-0.09483188,0.6524807,351.0994,262.4066,353.6207,0.7047356,0.006819178,-0.7094318,0.0,0.0,0.0,1.037229,0.1712949,-2.483874,0.1002892,-0.08568042,1.22811,-0.1483648,-0.1097718,0.9828215,0.1377322,0.981841,0.130454,-0.9792945,0.1547209,-0.1305515,static,76.844,-28.53845,4.668495,-3.990836
1497,05/05/2023 15:40:01.393571,1704,True,True,True,True,Eyes,2.191923,0.0195946,-2.231504,-0.9676331,0.122706,-0.2205207,1.182424,1.04777,0.1646851,-2.492253,0.7027049,-0.4406529,-0.5585972,0.02312541,-0.04975593,1.218284,2.251141,0.0178858,-2.359681,-0.01315556,-0.7489735,-0.09703428,0.6553244,350.6425,262.8817,353.7469,0.7043963,0.006764494,-0.7097698,0.0,0.0,0.0,1.037229,0.1712949,-2.483874,0.1000681,-0.08447742,1.229417,-0.140754,-0.1074715,0.9841942,0.1468842,0.9808226,0.1281099,-0.979088,0.1625945,-0.1222688,static,77.16173,-29.0932,4.653319,-3.930809
1498,05/05/2023 15:40:01.413703,1705,True,True,True,True,Eyes,2.193911,0.0196269,-2.237413,-0.9688037,0.1228048,-0.2152634,1.182741,1.048066,0.1648732,-2.492014,0.7225617,-0.4281723,-0.5427459,0.02204296,-0.05487783,1.217247,2.251444,0.01819193,-2.367297,-0.01677323,-0.7464011,-0.0967907,0.6582065,350.4116,263.3146,354.0403,0.7040317,0.006714521,-0.7101325,0.0,0.0,0.0,1.037229,0.1712949,-2.483874,0.100202,-0.08122364,1.230699,-0.1329661,-0.1023774,0.985819,0.1524556,0.9807004,0.1224089,-0.9793251,0.1665699,-0.1147918,static,77.47268,-29.70416,4.654682,-3.775928
1499,05/05/2023 15:40:01.423174,1706,True,True,True,True,Eyes,2.195828,0.01971013,-2.243389,-0.9699674,0.1229704,-0.209861,1.18284,1.048511,0.1651645,-2.491621,0.752337,-0.4088166,-0.5165828,0.02078755,-0.05896674,1.216071,2.251699,0.01874376,-2.374845,-0.0196967,-0.7437837,-0.09652689,0.6611207,350.2335,263.755,354.2736,0.7036418,0.006669471,-0.7105197,0.0,0.0,0.0,1.037229,0.1712949,-2.483874,0.1007305,-0.08048642,1.231492,-0.1250629,-0.09833167,0.987264,0.156932,0.9805892,0.1175464,-0.979659,0.169634,-0.1072039,static,77.79173,-30.36865,4.676127,-3.739352
1500,05/05/2023 15:40:01.443370,1707,True,True,True,True,Eyes,2.197675,0.01984785,-2.249419,-0.9710706,0.123243,-0.2045315,1.18296,1.048938,0.1656393,-2.491371,0.7800671,-0.3768075,-0.4995111,0.01804393,-0.06196714,1.214955,2.25194,0.0199642,-2.382532,-0.02091186,-0.7407706,-0.09690399,0.664403,350.1334,264.2704,354.3039,0.7032273,0.006630487,-0.7109306,0.0,0.0,0.0,1.037229,0.1712949,-2.483874,0.1013216,-0.0773057,1.232275,-0.116263,-0.09778481,0.9883932,0.1597484,0.9803445,0.1157795,-0.9802874,0.1713551,-0.09835687,static,78.10594,-31.07158,4.700469,-3.589696
1501,05/05/2023 15:40:01.463652,1708,True,True,True,True,Eyes,2.199455,0.02001983,-2.255541,-0.9721475,0.1236692,-0.1990859,1.182976,1.049429,0.1663174,-2.491055,0.8129973,-0.3317199,-0.4785366,0.01501521,-0.0637355,1.213882,2.252229,0.02144407,-2.390649,-0.02125185,-0.7375627,-0.09737692,0.6678829,350.0941,264.8222,354.2483,0.7027883,0.006598623,-0.7113652,0.0,0.0,0.0,1.037229,0.1712949,-2.483874,0.1016946,-0.07251157,1.232978,-0.1069618,-0.0987236,0.9893497,0.1614219,0.9801322,0.1152556,-0.9810719,0.1720306,-0.08890054,static,78.42643,-31.84793,4.715017,-3.365694
1502,05/05/2023 15:40:01.473382,1709,True,True,True,True,Eyes,2.201179,0.02021391,-2.261718,-0.9731542,0.1240677,-0.1938504,1.183288,1.049658,0.1670218,-2.491099,0.8286888,-0.2849288,-0.4817577,0.01379858,-0.06895997,1.212887,2.252427,0.02240073,-2.399052,-0.02380766,-0.7347272,-0.0980587,0.6708158,349.8612,265.2928,354.3699,0.7023246,0.006574244,-0.7118235,0.0,0.0,0.0,1.037229,0.1712949,-2.483874,0.1021084,-0.07084048,1.233094,-0.09887894,-0.09657437,0.9904022,0.1665429,0.9796354,0.1121517,-0.981064,0.1760339,-0.08078162,static,78.73425,-32.61997,4.733675,-3.287994
1503,05/05/2023 15:40:01.493468,1710,True,True,True,True,Eyes,2.202843,0.02044847,-2.267956,-0.9741414,0.1244075,-0.1886035,1.18363,1.04982,0.1677009,-2.491193,0.8393446,-0.2395997,-0.4879474,0.01452545,-0.06993527,1.212521,2.252887,0.02317408,-2.407232,-0.02641499,-0.7326777,-0.09639075,0.6731974,349.8159,265.6281,354.6908,0.7018376,0.006557316,-0.7123041,0.0,0.0,0.0,1.037229,0.1712949,-2.483874,0.1028993,-0.0668595,1.233545,-0.09221539,-0.09107266,0.9915656,0.1684873,0.9800221,0.1056817,-0.9813809,0.1768117,-0.07502846,static,79.04253,-33.40982,4.768435,-3.102458
1504,05/05/2023 15:40:01.513536,1711,True,True,True,True,Eyes,2.204442,0.02072991,-2.274232,-0.9750721,0.1247021,-0.1835316,1.18419,1.049771,0.168401,-2.491568,0.8363596,-0.1929888,-0.5130867,0.01502211,-0.0690365,1.212284,2.25311,0.02440548,-2.414985,-0.02882721,-0.7308363,-0.09354694,0.6754972,349.8817,265.928,355.0908,0.701327,0.00654834,-0.7128072,0.0,0.0,0.0,1.037229,0.1712949,-2.483874,0.1042434,-0.0610861,1.233863,-0.08574525,-0.08424547,0.9927491,0.1685173,0.9808359,0.09778959,-0.9819623,0.1756804,-0.06990517,static,79.3403,-34.19448,4.829191,-2.834287
1505,05/05/2023 15:40:01.523614,1712,True,True,True,True,Eyes,2.205982,0.02102591,-2.280577,-0.9759776,0.1250233,-0.1784291,1.184777,1.049666,0.1691506,-2.491976,0.8292854,-0.1429829,-0.5402235,0.01476506,-0.07244024,1.211791,2.253236,0.02583802,-2.422804,-0.03146129,-0.7285865,-0.09279288,0.6779096,349.7542,266.2911,355.3389,0.7007949,0.00654801,-0.7133303,0.0,0.0,0.0,1.037229,0.1712949,-2.483874,0.1051514,-0.05966754,1.2339,-0.0788976,-0.07996581,0.9936703,0.1716549,0.9807994,0.09255942,-0.9819928,0.1778711,-0.06365617,static,79.63955,-35.0185,4.870903,-2.768487
1506,05/05/2023 15:40:01.543179,1713,True,True,True,True,Eyes,2.207467,0.02132024,-2.286925,-0.9768318,0.125205,-0.1735608,1.185688,1.049249,0.1697743,-2.492714,0.8014497,-0.1013914,-0.5894048,0.01513609,-0.07361563,1.211859,2.253365,0.02647605,-2.430899,-0.03274008,-0.7265782,-0.09239925,0.680055,349.7001,266.6219,355.4473,0.7002413,0.006555879,-0.7138739,0.0,0.0,0.0,1.037229,0.1712949,-2.483874,0.1039997,-0.0577064,1.233806,-0.07290694,-0.07809667,0.9942764,0.1732496,0.980781,0.08974044,-0.9821758,0.1788006,-0.05797556,static,79.92499,-35.80631,4.818174,-2.677832
1507,05/05/2023 15:40:01.563753,1714,True,True,True,True,Eyes,2.2089,0.0216216,-2.293353,-0.9776684,0.1253197,-0.1686992,1.186743,1.048659,0.1703438,-2.493555,0.7615256,-0.06336813,-0.6450295,0.01667223,-0.0719513,1.21252,2.253695,0.02687366,-2.439103,-0.03281473,-0.724984,-0.09162559,0.6818551,349.7698,266.892,355.4907,0.6996679,0.006571042,-0.714436,0.0,0.0,0.0,1.037229,0.1712949,-2.483874,0.1011422,-0.05871831,1.233553,-0.06799403,-0.07737044,0.9946814,0.172531,0.9810559,0.08810438,-0.9826547,0.1776039,-0.05335706,static,80.20988,-36.60714,4.687344,-2.725278
1508,05/05/2023 15:40:01.573130,1715,True,True,True,True,Eyes,2.210288,0.02191788,-2.299822,-0.978479,0.1252751,-0.1639664,1.188194,1.047665,0.1707689,-2.494646,0.6953792,-0.03504956,-0.7177877,0.01821477,-0.07021315,1.213459,2.253881,0.02735972,-2.447503,-0.03250549,-0.7234034,-0.09101558,0.6836281,349.8559,267.162,355.4895,0.6990744,0.006592965,-0.7150168,0.0,0.0,0.0,1.037229,0.1712949,-2.483874,0.09776644,-0.05930002,1.233245,-0.06319255,-0.07741244,0.9949947,0.1714707,0.9813191,0.08723862,-0.9831606,0.1761253,-0.04873807,static,80.48717,-37.38087,4.532687,-2.752921
1509,05/05/2023 15:40:01.593292,1716,True,True,True,True,Eyes,2.211632,0.02222092,-2.306381,-0.979265,0.1251912,-0.159271,1.190158,1.046152,0.1712182,-2.495938,0.5946247,-0.005113302,-0.8039871,0.02019544,-0.06908002,1.215135,2.25426,0.02763268,-2.456054,-0.03270155,-0.7219281,-0.09032678,0.6852676,349.9075,267.4095,355.5388,0.6984612,0.006620794,-0.7156157,0.0,0.0,0.0,1.037229,0.1712949,-2.483874,0.09371677,-0.05544694,1.233464,-0.05867793,-0.0765797,0.9953355,0.1710124,0.9815434,0.08560023,-0.9835202,0.1752375,-0.0444989,static,80.76211,-38.16827,4.3449,-2.573839
1510,05/05/2023 15:40:01.613607,1717,True,True,True,True,Eyes,2.212936,0.02251973,-2.312995,-0.9800273,0.1250125,-0.1546559,1.193433,1.04334,0.1717137,-2.497566,0.4073608,0.02791928,-0.9128404,0.02275797,-0.0681399,1.218037,2.25457,0.02810761,-2.46477,-0.03285459,-0.7206492,-0.08958221,0.6867027,349.9657,267.6237,355.5922,0.6978289,0.006654094,-0.7162321,0.0,0.0,0.0,1.037229,0.1712949,-2.483874,0.08868465,-0.04903546,1.233916,-0.05472017,-0.07567941,0.9956295,0.1703859,0.9817912,0.08399201,-0.9838569,0.1742373,-0.0408291,static,81.03224,-38.94954,4.110923,-2.27572
1511,05/05/2023 15:40:01.623717,1718,True,True,True,True,Eyes,2.214198,0.02279889,-2.319703,-0.9807598,0.1248544,-0.1500719,0.0,0.0,0.0,0.0,0.0,0.0,0.0,2.580693,-0.2113761,2.121236,2.254952,0.02836946,-2.473598,-0.03372964,-0.7194064,-0.08925026,0.6880053,349.9314,267.8251,355.6735,0.6971775,0.00669218,-0.7168658,0.0,0.0,0.0,1.037229,0.1712949,-2.483874,0.08228528,-0.04745328,1.23388,-0.05102208,-0.07427868,0.9959314,0.1713399,0.9817934,0.08200207,-0.98389,0.1748267,-0.03736625,static,81.30031,-39.75922,3.815304,-2.202429
1512,05/05/2023 15:40:01.643556,1719,True,True,True,True,Eyes,2.215425,0.0230466,-2.326476,-0.981487,0.1246264,-0.1454355,0.0,0.0,0.0,0.0,0.0,0.0,0.0,2.581373,-0.2188021,2.130352,2.255178,0.028169,-2.482568,-0.03475648,-0.7180894,-0.08861019,0.6894112,349.9107,268.0372,355.7909,0.6965077,0.0067339,-0.7175165,0.0,0.0,0.0,1.037229,0.1712949,-2.483874,0.07537341,-0.04657085,1.233875,-0.04700829,-0.0722612,0.9962773,0.1720942,0.9818804,0.07933706,-0.9839582,0.1751831,-0.03372079,static,81.57132,-40.59391,3.495668,-2.16152
1513,05/05/2023 15:40:01.663283,1720,True,True,True,True,Eyes,2.216624,0.02326128,-2.333347,-0.9822035,0.1243446,-0.1407648,0.0,0.0,0.0,0.0,0.0,0.0,0.0,2.580127,-0.2268823,2.142008,2.255602,0.0277028,-2.491629,-0.03585243,-0.7164737,-0.08771168,0.6911491,349.9071,268.2981,355.9305,0.6958195,0.006777882,-0.7181835,0.0,0.0,0.0,1.037229,0.1712949,-2.483874,0.06893732,-0.04595791,1.233739,-0.04205561,-0.06986904,0.9966694,0.1726183,0.9820426,0.07612745,-0.9840907,0.1752449,-0.02923968,static,81.84418,-41.45578,3.198175,-2.133334
1514,05/05/2023 15:40:01.673218,1721,True,True,True,True,Eyes,2.217802,0.02343172,-2.340285,-0.9829265,0.1240017,-0.1359368,0.0,0.0,0.0,0.0,0.0,0.0,0.0,2.576993,-0.2318773,2.156579,2.25614,0.02713459,-2.500917,-0.03641322,-0.7145981,-0.08619773,0.6932487,349.9981,268.6063,356.0714,0.6951135,0.006822823,-0.7188663,0.0,0.0,0.0,1.037229,0.1712949,-2.483874,0.06302103,-0.05076066,1.232938,-0.03616059,-0.06747127,0.9970658,0.1715546,0.982488,0.0727066,-0.9845108,0.1736803,-0.0239524,static,82.12605,-42.37111,2.926099,-2.357563
1515,05/05/2023 15:40:01.693213,1722,True,True,True,True,Eyes,2.218961,0.02356893,-2.347321,-0.9836521,0.1235501,-0.1310111,0.0,0.0,0.0,0.0,0.0,0.0,0.0,2.571401,-0.2392041,2.173944,2.256809,0.02629353,-2.510274,-0.03731883,-0.7123053,-0.08481495,0.6957263,350.0519,268.9795,356.2249,0.6943896,0.00686727,-0.7195653,0.0,0.0,0.0,1.037229,0.1712949,-2.483874,0.05687571,-0.05100492,1.232294,-0.02914475,-0.06485117,0.9974694,0.1711808,0.9828275,0.06890088,-0.9848085,0.1727556,-0.01754298,static,82.41351,-43.32119,2.642572,-2.370131
1516,05/05/2023 15:40:01.713958,1723,True,True,True,True,Eyes,2.220106,0.02365402,-2.35443,-0.9843899,0.1230683,-0.1258205,0.0,0.0,0.0,0.0,0.0,0.0,0.0,2.563975,-0.2435581,2.193798,2.257503,0.02565502,-2.519733,-0.03765488,-0.7098155,-0.08247376,0.6985288,350.2303,269.3889,356.4067,0.6936485,0.006910183,-0.7202794,0.0,0.0,0.0,1.037229,0.1712949,-2.483874,0.05059989,-0.06009862,1.230737,-0.02127969,-0.06176456,0.9978641,0.1686766,0.9835604,0.06447627,-0.9854419,0.1696883,-0.01051154,static,82.71619,-44.36644,2.354303,-2.795612
1517,05/05/2023 15:40:01.723884,1724,True,True,True,True,Eyes,2.221246,0.02369812,-2.361625,-0.9851298,0.1224559,-0.1205144,0.0,0.0,0.0,0.0,0.0,0.0,0.0,2.555616,-0.2571877,2.213689,2.258298,0.02453474,-2.529273,-0.03944766,-0.7071149,-0.08043889,0.7014002,350.2647,269.8177,356.6816,0.6928901,0.006950124,-0.7210087,0.0,0.0,0.0,1.037229,0.1712949,-2.483874,0.04646125,-0.06460809,1.229804,-0.01296359,-0.05705166,0.9982871,0.1686277,0.9839469,0.05842187,-0.9855947,0.1690962,-0.003134932,static,83.02546,-45.45782,2.163571,-3.007285
1518,05/05/2023 15:40:01.743224,1725,True,True,True,True,Eyes,2.222392,0.0237221,-2.368861,-0.9859276,0.1216293,-0.1146869,0.0,0.0,0.0,0.0,0.0,0.0,0.0,2.545578,-0.2657506,2.235843,2.259284,0.02361295,-2.538634,-0.04034712,-0.7043383,-0.0770018,0.7045214,350.4841,270.2649,356.9973,0.6921158,0.006986059,-0.7217516,0.0,0.0,0.0,1.037229,0.1712949,-2.483874,0.04376131,-0.05918361,1.229487,-0.004043479,-0.05166278,0.9986564,0.1653349,0.9848857,0.05161982,-0.9862292,0.1653214,0.004559326,static,83.36495,-46.68273,2.038477,-2.75591
1519,05/05/2023 15:40:01.763376,1726,True,True,True,True,Eyes,2.223536,0.02372043,-2.376176,-0.9867023,0.1208827,-0.1086546,0.0,0.0,0.0,0.0,0.0,0.0,0.0,2.532471,-0.2730572,2.261496,2.260544,0.02324294,-2.547888,-0.04094096,-0.7011126,-0.07361501,0.7080579,350.7233,270.7855,357.2798,0.6913264,0.007017788,-0.7225075,0.0,0.0,0.0,1.037229,0.1712949,-2.483874,0.04099597,-0.05042868,1.229585,0.006043988,-0.04683894,0.9988843,0.1616558,0.9858094,0.04524769,-0.9868288,0.1612019,0.01353,static,83.71597,-48.04941,1.909609,-2.348542
1520,05/05/2023 15:40:01.773531,1727,True,True,True,True,Eyes,2.224691,0.02370078,-2.383547,-0.9874994,0.1201561,-0.1020165,0.0,0.0,0.0,0.0,0.0,0.0,0.0,2.516152,-0.2886457,2.289159,2.261583,0.02259684,-2.557209,-0.04289349,-0.6971809,-0.07255922,0.7119229,350.6626,271.4052,357.4731,0.6905224,0.007044927,-0.7232757,0.0,0.0,0.0,1.037229,0.1712949,-2.483874,0.03789604,-0.03701431,1.230102,0.01734809,-0.0435041,0.9989026,0.1631222,0.9857906,0.04010009,-0.9864533,0.1622475,0.02419802,static,84.10182,-49.66765,1.764566,-1.723535
1521,05/05/2023 15:40:01.793658,1728,True,True,True,True,Eyes,2.225849,0.02365291,-2.391016,-0.9882614,0.1195302,-0.09514134,0.0,0.0,0.0,0.0,0.0,0.0,0.0,2.497597,-0.2916993,2.320989,2.262911,0.02220212,-2.566867,-0.04294672,-0.6928742,-0.07207033,0.7161613,350.7127,272.0999,357.4612,0.6897047,0.007067375,-0.7240552,0.0,0.0,0.0,1.037229,0.1712949,-2.483874,0.03534615,-0.02791709,1.230374,0.02946268,-0.04371463,0.9986096,0.1627413,0.9859229,0.03835778,-0.9862289,0.1613849,0.03616211,static,84.50101,-51.4816,1.645539,-1.299814
1522,05/05/2023 15:40:01.813838,1729,True,True,True,True,Eyes,2.227022,0.02357781,-2.398591,-0.9890001,0.1190308,-0.08780849,0.0,0.0,0.0,0.0,0.0,0.0,0.0,2.477975,-0.2995288,2.352923,2.264037,0.02146231,-2.57682,-0.04378994,-0.6882932,-0.0726275,0.7204582,350.6145,272.8275,357.4225,0.6888739,0.007084719,-0.7248455,0.0,0.0,0.0,1.037229,0.1712949,-2.483874,0.03353947,-0.03317212,1.229652,0.04195535,-0.04436954,0.9981337,0.1649308,0.9856154,0.03688039,-0.9854124,0.1630757,0.04866971,static,84.92629,-53.58397,1.562388,-1.545284
1523,05/05/2023 15:40:01.823848,1730,True,True,True,True,Eyes,2.228203,0.02351794,-2.40626,-0.9897074,0.1184359,-0.08032621,0.0,0.0,0.0,0.0,0.0,0.0,0.0,2.460993,-0.3084219,2.381907,2.265523,0.02071865,-2.586902,-0.04479392,-0.6841812,-0.07257748,0.7243081,350.5492,273.4744,357.4526,0.6880303,0.007096631,-0.7256462,0.0,0.0,0.0,1.037229,0.1712949,-2.483874,0.03214523,-0.04374771,1.228655,0.05325744,-0.0438426,0.997618,0.1664312,0.9854521,0.03442308,-0.9846138,0.1642015,0.0597794,static,85.35995,-55.85389,1.498685,-2.039223
1524,05/05/2023 15:40:01.843595,1731,True,True,True,True,Eyes,2.229395,0.02350534,-2.41405,-0.9903658,0.117961,-0.07253166,0.0,0.0,0.0,0.0,0.0,0.0,0.0,2.443753,-0.3086829,2.411583,2.266805,0.02105243,-2.59694,-0.04433074,-0.6802124,-0.07106653,0.7282139,350.7208,274.1075,357.4915,0.687174,0.007104115,-0.7264572,0.0,0.0,0.0,1.037229,0.1712949,-2.483874,0.03085077,-0.04923587,1.227996,0.06452103,-0.0431946,0.9969811,0.1638119,0.9859687,0.03211614,-0.9843795,0.1612452,0.07069153,static,85.81129,-58.41356,1.439131,-2.296016
1525,05/05/2023 15:40:01.863682,1732,True,True,True,True,Eyes,2.230592,0.02341105,-2.421938,-0.9909298,0.1178285,-0.0646117,0.0,0.0,0.0,0.0,0.0,0.0,0.0,2.424973,-0.3152629,2.441801,2.268232,0.02214391,-2.607088,-0.04473538,-0.675824,-0.07172661,0.7321994,350.6503,274.7974,357.4111,0.6863042,0.007109047,-0.7272789,0.0,0.0,0.0,1.037229,0.1712949,-2.483874,0.02924351,-0.05381518,1.227333,0.07623421,-0.04456985,0.9960934,0.1655028,0.9857081,0.03143868,-0.9832585,0.1624596,0.08252112,static,86.26942,-61.26168,1.364921,-2.510655
1526,05/05/2023 15:40:01.873039,1733,True,True,True,True,Eyes,2.231833,0.02333396,-2.429956,-0.9914885,0.1171395,-0.0568244,0.0,0.0,0.0,0.0,0.0,0.0,0.0,2.407988,-0.3463995,2.466451,2.269458,0.01998631,-2.61743,-0.04922009,-0.6716052,-0.07288104,0.7356713,350.1939,275.4184,357.6084,0.6854219,0.007109188,-0.7281104,0.0,0.0,0.0,1.037229,0.1712949,-2.483874,0.02626262,-0.05742503,1.226664,0.08726986,-0.04112006,0.9953357,0.1733459,0.9845315,0.02547494,-0.9809868,0.1703141,0.09304789,static,86.71984,-64.12196,1.226503,-2.680286
1527,05/05/2023 15:40:01.893458,1734,True,True,True,True,Eyes,2.233074,0.02331326,-2.438073,-0.9919729,0.1165499,-0.04904997,0.0,0.0,0.0,0.0,0.0,0.0,0.0,2.398997,-0.3080794,2.493727,2.271771,0.02048268,-2.628196,-0.0431577,-0.6692674,-0.06767758,0.7386734,351.121,275.8345,357.5512,0.6845273,0.007105527,-0.7289516,0.0,0.0,0.0,1.037229,0.1712949,-2.483874,0.02293256,-0.05999854,1.226068,0.09500185,-0.04221518,0.9945816,0.1577513,0.9871144,0.02682991,-0.9828984,0.1543477,0.1004372,static,87.16921,-67.17622,1.071544,-2.801575
1528,05/05/2023 15:40:01.913967,1735,True,True,True,True,Eyes,2.23433,0.02326922,-2.446298,-0.992367,0.1161386,-0.04146831,1.203978,1.039542,0.1630976,-2.496225,0.1541378,-0.5463771,-0.8232336,0.009431332,-0.05406002,1.248425,2.272953,0.0218081,-2.638739,-0.04317526,-0.6664834,-0.06920741,0.741044,351.0112,276.27,357.3875,0.6836203,0.00710015,-0.7298023,0.0,0.0,0.0,1.037229,0.1712949,-2.483874,0.02177048,-0.06603335,1.225249,0.1020206,-0.04502029,0.993763,0.1601226,0.9866925,0.02826164,-0.9818109,0.1562407,0.1078717,static,87.60715,-70.35045,1.017937,-3.084905
1529,05/05/2023 15:40:01.923978,1736,True,True,True,True,Eyes,2.235602,0.02321615,-2.454612,-0.9927385,0.1153947,-0.0339757,1.204556,1.039793,0.1622156,-2.495538,0.1708881,-0.6052263,-0.777495,0.01327725,-0.05921173,1.250808,2.274547,0.0211434,-2.649432,-0.04515928,-0.6641573,-0.06988684,0.7429479,350.797,276.6148,357.4535,0.6827009,0.007092508,-0.7306626,0.0,0.0,0.0,1.037229,0.1712949,-2.483874,0.02261641,-0.06776087,1.224963,0.1080219,-0.04385883,0.9931806,0.1638303,0.9861529,0.0257297,-0.9805565,0.1599337,0.1137116,static,88.03986,-73.59398,1.057728,-3.166185
1530,05/05/2023 15:40:01.943624,1737,True,True,True,True,Eyes,2.236895,0.02321726,-2.463003,-0.9930558,0.1145759,-0.02669432,1.207125,1.038152,0.1615247,-2.495227,0.06150128,-0.651067,-0.7565246,0.01672482,-0.04932079,1.255748,2.276188,0.02096451,-2.659927,-0.04225319,-0.6623802,-0.06668433,0.744997,351.2979,276.9106,357.4845,0.6817697,0.007082555,-0.7315316,0.0,0.0,0.0,1.037229,0.1712949,-2.483874,0.02349188,-0.06755906,1.22457,0.1136115,-0.0433839,0.9925777,0.1553346,0.9875357,0.02538376,-0.9813071,0.1512977,0.1189344,static,88.46021,-76.88497,1.099015,-3.157785
1531,05/05/2023 15:40:01.963469,1738,True,True,True,True,Eyes,2.23818,0.02324776,-2.471471,-0.9933034,0.1138837,-0.01946506,0.0,0.0,0.0,0.0,0.0,0.0,0.0,2.381612,-0.3012356,2.560657,2.277939,0.0222974,-2.670258,-0.04109913,-0.660917,-0.06522255,0.746489,351.5137,277.1439,357.5053,0.6808268,0.007072138,-0.7324093,0.0,0.0,0.0,1.037229,0.1712949,-2.483874,0.02362526,-0.07172205,1.22387,0.1178695,-0.04304963,0.9920956,0.1517021,0.9881138,0.0248533,-0.9813733,0.1475735,0.1229993,static,88.87736,-80.3007,1.105885,-3.353851
1532,05/05/2023 15:40:01.973652,1739,True,True,True,True,Eyes,2.239474,0.02328817,-2.480036,-0.9934996,0.1131692,-0.01230039,0.0,0.0,0.0,0.0,0.0,0.0,0.0,2.376745,-0.3089967,2.57597,2.278991,0.0230109,-2.680614,-0.04194586,-0.6586427,-0.06619012,0.7483644,351.3746,277.489,357.4601,0.6798737,0.007062193,-0.7332943,0.0,0.0,0.0,1.037229,0.1712949,-2.483874,0.02468264,-0.07341339,1.223424,0.1236172,-0.04381399,0.9913623,0.1543233,0.9877188,0.02440972,-0.9802567,0.1499729,0.1288606,static,89.29066,-83.79685,1.155789,-3.434002
1533,05/05/2023 15:40:01.994140,1740,True,True,True,True,Eyes,2.24076,0.02337001,-2.488658,-0.9936546,0.1123533,-0.005222606,0.0,0.0,0.0,0.0,0.0,0.0,0.0,2.373322,-0.3044389,2.591818,2.280519,0.02328405,-2.691013,-0.04106644,-0.6567856,-0.06510688,0.7501382,351.5392,277.7798,357.4658,0.6789094,0.007052944,-0.7341874,0.0,0.0,0.0,1.037229,0.1712949,-2.483874,0.02700513,-0.07213727,1.223404,0.1287875,-0.04373462,0.9907075,0.151622,0.9881493,0.02391151,-0.9800127,0.1471335,0.1338924,static,89.69886,-87.33859,1.264528,-3.374503
1534,05/05/2023 15:40:02.013373,1741,True,True,True,True,Eyes,2.24204,0.0234886,-2.497354,-0.9937446,0.1116617,0.001831746,0.0,0.0,0.0,0.0,0.0,0.0,0.0,2.370053,-0.2980354,2.606959,2.281615,0.02439665,-2.701082,-0.03982887,-0.6549858,-0.06418326,0.7518564,351.7224,278.0638,357.432,0.677935,0.007045554,-0.7350873,0.0,0.0,0.0,1.037229,0.1712949,-2.483874,0.02955151,-0.07054667,1.223287,0.1337483,-0.04433852,0.9900231,0.1486879,0.9885883,0.02418708,-0.9797978,0.1439694,0.1388147,static,-89.89439,89.06018,1.383852,-3.300579
1535,05/05/2023 15:40:02.023383,1742,True,True,True,True,Eyes,2.243303,0.02363541,-2.506082,-0.9937898,0.1109213,0.008846832,0.0,0.0,0.0,0.0,0.0,0.0,0.0,2.365464,-0.3048402,2.621502,2.282805,0.02534593,-2.710863,-0.04048781,-0.6529776,-0.06372757,0.7536047,351.7062,278.3653,357.4993,0.6769502,0.007040913,-0.7359945,0.0,0.0,0.0,1.037229,0.1712949,-2.483874,0.03272093,-0.06949791,1.223387,0.1391181,-0.04317552,0.9893343,0.148926,0.9885991,0.02220173,-0.9790135,0.1442489,0.1439621,static,-89.48996,85.43987,1.532078,-3.251353
1536,05/05/2023 15:40:02.043648,1743,True,True,True,True,Eyes,2.244556,0.0238199,-2.514845,-0.9937809,0.110211,0.01590476,0.0,0.0,0.0,0.0,0.0,0.0,0.0,2.358306,-0.3070174,2.638243,2.28361,0.02618567,-2.720411,-0.04047189,-0.6507188,-0.06236781,0.7556702,351.817,278.7078,357.592,0.6759556,0.007039574,-0.7369081,0.0,0.0,0.0,1.037229,0.1712949,-2.483874,0.03675657,-0.06844215,1.223417,0.1453506,-0.04158733,0.9885058,0.1469306,0.9889445,0.02000099,-0.9784092,0.1423346,0.1498542,static,-89.0831,81.78823,1.720887,-3.201984
1537,05/05/2023 15:40:02.063294,1744,True,True,True,True,Eyes,2.245787,0.02402097,-2.523612,-0.9937255,0.1094746,0.0229145,0.0,0.0,0.0,0.0,0.0,0.0,0.0,2.352112,-0.3073345,2.654208,2.284647,0.02726189,-2.729717,-0.04017651,-0.64863,-0.06125512,0.7575703,351.9326,279.026,357.6446,0.6749513,0.007042307,-0.7378281,0.0,0.0,0.0,1.037229,0.1712949,-2.483874,0.04128033,-0.06916385,1.223476,0.1510538,-0.04069074,0.9876876,0.1449295,0.9892673,0.01859077,-0.9778436,0.1403369,0.1553299,static,-88.67904,78.1779,1.932438,-3.235522
1538,05/05/2023 15:40:02.073472,1745,True,True,True,True,Eyes,2.247003,0.02421981,-2.532383,-0.9936072,0.1088243,0.03003509,0.0,0.0,0.0,0.0,0.0,0.0,0.0,2.345082,-0.3055522,2.670354,2.285341,0.02787657,-2.738613,-0.03966301,-0.6464274,-0.06093561,0.7595034,352.0083,279.3635,357.6108,0.6739393,0.007049177,-0.7387526,0.0,0.0,0.0,1.037229,0.1712949,-2.483874,0.04560989,-0.06917305,1.223528,0.1568369,-0.04128308,0.9867613,0.1438401,0.9894274,0.01853252,-0.9770938,0.1390293,0.1611169,static,-88.26857,74.5707,2.134847,-3.235814
1539,05/05/2023 15:40:02.093432,1746,True,True,True,True,Eyes,2.248195,0.02440309,-2.541151,-0.9934498,0.1080563,0.03716784,0.0,0.0,0.0,0.0,0.0,0.0,0.0,2.336187,-0.2997023,2.688509,2.286177,0.02802054,-2.747414,-0.0386262,-0.6439769,-0.06090552,0.761638,352.1094,279.7416,357.5104,0.6729199,0.007059685,-0.7396811,0.0,0.0,0.0,1.037229,0.1712949,-2.483874,0.04893558,-0.06870961,1.223927,0.1631687,-0.04302715,0.9856595,0.1425247,0.9895971,0.01960512,-0.9762493,0.1372818,0.1676037,static,-87.8574,71.01846,2.289606,-3.213136
1540,05/05/2023 15:40:02.113488,1747,True,True,True,True,Eyes,2.249367,0.02458624,-2.549929,-0.9932353,0.1072837,0.04442773,0.0,0.0,0.0,0.0,0.0,0.0,0.0,2.324476,-0.2881916,2.709321,2.286777,0.02787359,-2.756181,-0.03681113,-0.641188,-0.06044825,0.7641133,352.3123,280.1737,357.3874,0.6718943,0.00707299,-0.7406129,0.0,0.0,0.0,1.037229,0.1712949,-2.483874,0.0513427,-0.06623469,1.22466,0.1704481,-0.04517292,0.9843308,0.1395843,0.9899819,0.02126162,-0.9754301,0.1337731,0.175046,static,-87.43884,67.50484,2.400665,-3.095777
1541,05/05/2023 15:40:02.123344,1748,True,True,True,True,Eyes,2.250503,0.02478353,-2.558686,-0.992961,0.1065532,0.05171852,0.0,0.0,0.0,0.0,0.0,0.0,0.0,2.311879,-0.2799571,2.730231,2.287484,0.02805883,-2.764769,-0.03540784,-0.6383377,-0.05956872,0.7666309,352.5108,280.6094,357.3332,0.6708618,0.007088801,-0.7415482,0.0,0.0,0.0,1.037229,0.1712949,-2.483874,0.05247403,-0.06443818,1.225639,0.1779532,-0.04613013,0.9829572,0.1365388,0.9903957,0.02176041,-0.9745204,0.1303394,0.1825426,static,-87.01843,64.10912,2.451543,-3.009565
1542,05/05/2023 15:40:02.143417,1749,True,True,True,True,Eyes,2.25159,0.02497574,-2.567422,-0.9925904,0.1061064,0.05920788,0.0,0.0,0.0,0.0,0.0,0.0,0.0,2.297589,-0.285326,2.75033,2.287752,0.02859214,-2.773088,-0.03585993,-0.6352052,-0.05938151,0.769222,352.4953,281.0755,357.3523,0.6698237,0.007107269,-0.7424859,0.0,0.0,0.0,1.037229,0.1712949,-2.483874,0.05275407,-0.06027385,1.226845,0.1859763,-0.04579829,0.9814864,0.1369119,0.9903758,0.0202704,-0.9729686,0.1306074,0.1904568,static,-86.58636,60.83828,2.462189,-2.812632
1543,05/05/2023 15:40:02.163630,1750,True,True,True,True,Eyes,2.252632,0.02515191,-2.576126,-0.9921614,0.1056759,0.06669591,0.0,0.0,0.0,0.0,0.0,0.0,0.0,2.282293,-0.3063951,2.768789,2.287656,0.02858903,-2.781141,-0.03857522,-0.6319314,-0.05929401,0.7717894,352.2712,281.5468,357.5262,0.6687804,0.007127968,-0.7434255,0.0,0.0,0.0,1.037229,0.1712949,-2.483874,0.05277763,-0.05884949,1.228153,0.1942938,-0.04277118,0.9800105,0.1402788,0.9899924,0.0153956,-0.9708614,0.1344834,0.1983492,static,-86.15421,57.74248,2.460668,-2.743348
1544,05/05/2023 15:40:02.173518,1751,True,True,True,True,Eyes,2.253623,0.02533041,-2.584788,-0.9916549,0.1053837,0.0742622,0.0,0.0,0.0,0.0,0.0,0.0,0.0,2.268132,-0.3179165,2.787078,2.287599,0.0283743,-2.789155,-0.04000183,-0.6289865,-0.05751029,0.7742535,352.2825,281.9718,357.7599,0.6677327,0.007150196,-0.7443665,0.0,0.0,0.0,1.037229,0.1712949,-2.483874,0.05199818,-0.05377167,1.229891,0.202137,-0.03873385,0.978591,0.1393763,0.9901848,0.0104033,-0.969389,0.1342895,0.2055515,static,-85.71728,54.82827,2.420949,-2.503417
1545,05/05/2023 15:40:02.193317,1752,True,True,True,True,Eyes,2.254555,0.02549821,-2.593405,-0.9910925,0.1051264,0.08175667,1.215502,1.04988,0.1532796,-2.49403,0.2751389,-0.7186241,-0.6386534,0.03283411,-0.04600772,1.278802,2.287312,0.02859027,-2.796921,-0.04108964,-0.6263497,-0.05607203,0.7764365,352.2964,282.3525,357.9413,0.6666808,0.00717387,-0.7453085,0.0,0.0,0.0,1.037229,0.1712949,-2.483874,0.04961386,-0.04890843,1.231935,0.2090839,-0.03559978,0.9772495,0.1385457,0.9903352,0.006434408,-0.9680336,0.1340484,0.2119953,static,-85.28426,52.12784,2.306234,-2.273478
1546,05/05/2023 15:40:02.210676,1753,True,True,True,True,Eyes,2.255418,0.02569767,-2.601995,-0.9904792,0.1048883,0.08915951,1.21204,1.054917,0.1528264,-2.49393,0.46779,-0.627385,-0.6225437,0.03405631,-0.0465728,1.275212,2.286814,0.02849042,-2.804516,-0.04228177,-0.6240303,-0.05507373,0.7783093,352.2673,282.6852,358.0939,0.6656253,0.007198528,-0.746251,0.0,0.0,0.0,1.037229,0.1712949,-2.483874,0.04554562,-0.05019327,1.233668,0.2151061,-0.03295859,0.9760345,0.138499,0.9903583,0.002918771,-0.96672,0.1345519,0.2175968,static,-84.8563,49.63404,2.114334,-2.329863
1547,05/05/2023 15:40:02.223813,1754,True,True,True,True,Eyes,2.256193,0.02589664,-2.610529,-0.989795,0.1048891,0.09645816,1.209483,1.059053,0.1527581,-2.493865,0.6044559,-0.5139052,-0.6087155,0.03577334,-0.0446828,1.27251,2.286245,0.02933265,-2.812177,-0.04230018,-0.6219559,-0.05358674,0.7800704,352.3772,282.9881,358.2086,0.6645661,0.007224994,-0.7471942,0.0,0.0,0.0,1.037229,0.1712949,-2.483874,0.04024768,-0.04929159,1.235865,0.2205985,-0.03098518,0.9748725,0.1362206,0.9906783,0.0006629428,-0.9658055,0.1326514,0.2227629,static,-84.43395,47.39771,1.865258,-2.28399
1548,05/05/2023 15:40:02.243360,1755,True,True,True,True,Eyes,2.256892,0.02604871,-2.619017,-0.9890629,0.1049248,0.10366,1.210524,1.059608,0.1530627,-2.493535,0.6416656,-0.4937636,-0.5869096,0.03771347,-0.0522215,1.27207,2.28472,0.02956058,-2.819357,-0.04540027,-0.6199803,-0.05454441,0.7814014,352.0341,283.2582,358.325,0.6635031,0.007253078,-0.7481381,0.0,0.0,0.0,1.037229,0.1712949,-2.483874,0.03465327,-0.05123312,1.237869,0.2252988,-0.02894761,0.9738595,0.1415367,0.9899275,-0.003318758,-0.9639542,0.1385846,0.2271266,static,-84.01688,45.34743,1.603536,-2.370015
1549,05/05/2023 15:40:02.263167,1756,True,True,True,True,Eyes,2.257525,0.02617479,-2.627432,-0.9883243,0.1046113,0.1107776,1.206126,1.065482,0.1523492,-2.493821,0.7513666,-0.3022253,-0.5866072,0.04044241,-0.05103093,1.267152,2.283694,0.02855823,-2.826309,-0.0467304,-0.6183102,-0.05272125,0.7827703,352.0474,283.4891,358.5681,0.6624365,0.007281255,-0.7490824,0.0,0.0,0.0,1.037229,0.1712949,-2.483874,0.0307653,-0.05249421,1.240279,0.229826,-0.02474949,0.9729171,0.140325,0.9900735,-0.007962172,-0.9630624,0.1383545,0.2310175,static,-83.60462,43.36014,1.420939,-2.423569
1550,05/05/2023 15:40:02.278666,1757,True,True,True,True,Eyes,2.258089,0.02631808,-2.635787,-0.9875506,0.104173,0.1178639,1.20501,1.06808,0.1518476,-2.493759,0.7889543,-0.2204176,-0.5735566,0.04122394,-0.03982195,1.265879,2.282717,0.02815119,-2.83301,-0.04393851,-0.6164599,-0.04923434,0.7846162,352.5505,283.7746,358.6658,0.6613666,0.007308781,-0.7500269,0.0,0.0,0.0,1.037229,0.1712949,-2.483874,0.02690119,-0.04965347,1.242588,0.2351064,-0.02308747,0.9716954,0.1314328,0.9912908,-0.008247747,-0.9630423,0.1296517,0.2360933,static,-83.19396,41.4716,1.240221,-2.288306
1551,05/05/2023 15:40:02.293735,1758,True,True,True,True,Eyes,2.258573,0.02645436,-2.644069,-0.9867161,0.1037906,0.1249752,1.203882,1.070684,0.151406,-2.493614,0.8220297,-0.1308368,-0.5542102,0.04079175,-0.03602899,1.264254,2.281668,0.02873202,-2.839689,-0.04239896,-0.6140761,-0.04833668,0.7866235,352.7575,284.133,358.6153,0.6602942,0.007336221,-0.7509709,0.0,0.0,0.0,1.037229,0.1712949,-2.483874,0.0222398,-0.05284138,1.244793,0.2411483,-0.02397317,0.9701922,0.1281179,0.9917318,-0.007339243,-0.9619946,0.1260688,0.2422258,static,-82.78149,39.70927,1.023553,-2.430744
1552,05/05/2023 15:40:02.313360,1759,True,True,True,True,Eyes,2.258971,0.02656493,-2.652295,-0.9858094,0.1034532,0.1322012,1.202718,1.073321,0.1509899,-2.493294,0.8513356,-0.03354869,-0.5235477,0.03853199,-0.03747654,1.262271,2.280223,0.02869102,-2.846348,-0.04215703,-0.6109337,-0.04961231,0.7890004,352.6954,284.5966,358.453,0.6592196,0.007363389,-0.7519143,0.0,0.0,0.0,1.037229,0.1712949,-2.483874,0.0191745,-0.06123138,1.246997,0.2485972,-0.02677795,0.9682368,0.1297985,0.9915228,-0.005904163,-0.9598708,0.1271435,0.2499656,static,-82.36197,38.04474,0.8809413,-2.81114
1553,05/05/2023 15:40:02.323787,1760,True,True,True,True,Eyes,2.259284,0.0266525,-2.66046,-0.9848404,0.1031322,0.1394743,1.201707,1.075795,0.1505872,-2.492852,0.8730124,0.06038493,-0.4839452,0.03563935,-0.03667011,1.260471,2.278564,0.02817443,-2.853078,-0.04140374,-0.607546,-0.05040343,0.7916017,352.7155,285.0967,358.2964,0.6581422,0.007389592,-0.7528571,0.0,0.0,0.0,1.037229,0.1712949,-2.483874,0.01988909,-0.04200946,1.251201,0.2566949,-0.02948954,0.9660426,0.1301082,0.9914905,-0.004305732,-0.9576951,0.1267953,0.2583473,static,-81.93931,36.48052,0.9106964,-1.923001
1554,05/05/2023 15:40:02.343317,1761,True,True,True,True,Eyes,2.259494,0.02672173,-2.668588,-0.9837899,0.1029284,0.1468442,1.202744,1.076247,0.1505183,-2.491972,0.9032782,0.05580692,-0.4254104,0.03266051,-0.03650562,1.260704,2.276806,0.02771003,-2.859871,-0.04114475,-0.6040991,-0.0509639,0.7942131,352.7078,285.5999,358.1951,0.6570622,0.007414282,-0.7537996,0.0,0.0,0.0,1.037229,0.1712949,-2.483874,0.02110036,-0.04599299,1.253308,0.264934,-0.03124137,0.9637605,0.1306634,0.9914196,-0.003780904,-0.9553729,0.1269299,0.2667428,static,-81.5105,35.02801,0.9645252,-2.101656
1555,05/05/2023 15:40:02.363337,1762,True,True,True,True,Eyes,2.259606,0.02675529,-2.676659,-0.9826703,0.1027591,0.1542713,1.200192,1.080213,0.1500859,-2.491503,0.8880391,0.2651858,-0.3755834,0.03007659,-0.0380908,1.257039,2.274663,0.02729608,-2.866624,-0.04156058,-0.6005211,-0.05184179,0.7968435,352.6172,286.1168,358.1102,0.655979,0.0074371,-0.7547421,0.0,0.0,0.0,1.037229,0.1712949,-2.483874,0.02418599,-0.05037802,1.2561,0.2733736,-0.03270357,0.9613519,0.1325356,0.9911703,-0.003970379,-0.9527336,0.1284987,0.2752942,static,-81.07785,33.66733,1.103084,-2.296713
1556,05/05/2023 15:40:02.373099,1763,True,True,True,True,Eyes,2.259601,0.02675009,-2.684688,-0.9814869,0.1026356,0.1617078,1.199571,1.082238,0.1498688,-2.490708,0.8712916,0.3787449,-0.312095,0.02703086,-0.03817586,1.255366,2.272393,0.02646661,-2.873378,-0.04189246,-0.5968477,-0.0520761,0.7995662,352.5793,286.6447,358.0773,0.6548923,0.007457235,-0.7556851,0.0,0.0,0.0,1.037229,0.1712949,-2.483874,0.02746427,-0.03952752,1.259482,0.2821219,-0.03326975,0.9588016,0.1332834,0.9910662,-0.004828586,-0.9500753,0.1291546,0.2840358,static,-80.64411,32.40321,1.249194,-1.797578
1557,05/05/2023 15:40:02.393450,1764,True,True,True,True,Eyes,2.259487,0.02669174,-2.692669,-0.9802421,0.1024673,0.1691923,1.199276,1.083906,0.1495783,-2.489761,0.8464087,0.4754342,-0.2399051,0.024115,-0.03762726,1.253718,2.269636,0.02551431,-2.880221,-0.04213342,-0.5931169,-0.05204342,0.802327,352.5682,287.1788,358.0621,0.6538014,0.007473876,-0.756629,0.0,0.0,0.0,1.037229,0.1712949,-2.483874,0.03225489,-0.03635934,1.262512,0.2910078,-0.0335316,0.9561329,0.1334918,0.9910325,-0.005873899,-0.9473618,0.1293452,0.2928744,static,-80.20709,31.2002,1.463485,-1.649617
1558,05/05/2023 15:40:02.415417,1765,True,True,True,True,Eyes,2.259256,0.02659369,-2.700601,-0.978979,0.1020804,0.1765778,1.198961,1.085498,0.1489841,-2.488891,0.8159917,0.5516612,-0.1727064,0.0215359,-0.03519023,1.252241,2.266866,0.02419366,-2.887147,-0.04179721,-0.5895131,-0.05156145,0.8050273,352.6409,287.6955,358.0506,0.6527052,0.007485889,-0.7575746,0.0,0.0,0.0,1.037229,0.1712949,-2.483874,0.03504016,-0.04036748,1.264835,0.2996316,-0.03373674,0.9534584,0.1322967,0.9911888,-0.006503499,-0.9448379,0.1280881,0.3014547,static,-79.77553,30.0324,1.586878,-1.827986
1559,05/05/2023 15:40:02.433172,1766,True,True,True,True,Eyes,2.258904,0.02646117,-2.708487,-0.9776613,0.1015902,0.1840051,1.198616,1.087063,0.1482288,-2.487935,0.7740347,0.6253356,-0.09912476,0.01954657,-0.0301867,1.250597,2.26377,0.02318839,-2.894153,-0.04058047,-0.5860497,-0.05024553,0.8076969,352.8512,288.1934,358.0593,0.6516042,0.007492634,-0.7585216,0.0,0.0,0.0,1.037229,0.1712949,-2.483874,0.03861997,-0.03730026,1.267951,0.308042,-0.03360197,0.9507793,0.1287307,0.9916572,-0.006660688,-0.9426233,0.1244462,0.3097977,static,-79.34108,28.90332,1.744607,-1.685026
1560,05/05/2023 15:40:02.443583,1767,True,True,True,True,Eyes,2.25842,0.02628024,-2.716321,-0.9763198,0.1010494,0.1912818,1.199083,1.087732,0.1474469,-2.486959,0.8186811,0.5732411,-0.03400275,0.01718712,-0.02620173,1.249593,2.260485,0.02226122,-2.901015,-0.03978347,-0.5825281,-0.04888777,0.8103631,353.0251,288.6949,358.1015,0.6504973,0.007493703,-0.7594711,0.0,0.0,0.0,1.037229,0.1712949,-2.483874,0.0420932,-0.03454949,1.270546,0.3165421,-0.03288372,0.9480084,0.1255837,0.9920545,-0.007521117,-0.9402286,0.1214351,0.3181567,static,-78.91495,27.84638,1.897515,-1.557638
1561,05/05/2023 15:40:02.463379,1768,True,True,True,True,Eyes,2.257808,0.02602655,-2.724103,-0.9749163,0.1004326,0.1986243,1.1981,1.089761,0.1463548,-2.486132,0.672792,0.738747,0.04004856,0.01452568,-0.02533396,1.246857,2.256815,0.02092982,-2.907746,-0.04046063,-0.5787082,-0.04778957,0.8131273,353.0437,289.2289,358.2168,0.6493838,0.00748833,-0.7604234,0.0,0.0,0.0,1.037229,0.1712949,-2.483874,0.04498439,-0.036174,1.273166,0.325626,-0.0308882,0.9449939,0.1245478,0.9921582,-0.01048686,-0.9372596,0.1211117,0.3269196,static,-78.48446,26.82303,2.023573,-1.627486
1562,05/05/2023 15:40:02.473454,1769,True,True,True,True,Eyes,2.257076,0.02572174,-2.731805,-0.9735676,0.09948272,0.2055952,1.197191,1.09153,0.1448216,-2.485668,0.648728,0.7567533,0.0804763,0.01139742,-0.02149063,1.244278,2.253077,0.01895733,-2.914371,-0.04035058,-0.5749168,-0.04584223,0.8159296,353.1911,289.7593,358.3604,0.6482638,0.007475154,-0.7613786,0.0,0.0,0.0,1.037229,0.1712949,-2.483874,0.04662074,-0.03489542,1.27557,0.3347383,-0.02841161,0.9418827,0.1212045,0.9925407,-0.01313553,-0.9344837,0.1185574,0.335685,static,-78.07565,25.82126,2.093169,-1.567034
1563,05/05/2023 15:40:02.493608,1770,True,True,True,True,Eyes,2.256208,0.02535525,-2.739459,-0.9721635,0.09843812,0.212622,1.196047,1.093455,0.1430918,-2.485153,0.636879,0.7608796,0.1242877,0.008735508,-0.01504705,1.241422,2.249143,0.01751705,-2.921099,-0.0388793,-0.57122,-0.04351967,0.8187199,353.4897,290.2812,358.4518,0.6471366,0.007453559,-0.7623372,0.0,0.0,0.0,1.037229,0.1712949,-2.483874,0.04852778,-0.03373003,1.278179,0.3436275,-0.02684357,0.9387224,0.1156781,0.9931889,-0.01394389,-0.9319543,0.1133811,0.3443922,static,-77.66309,24.84284,2.174266,-1.511635
1564,05/05/2023 15:40:02.513935,1771,True,True,True,True,Eyes,2.255219,0.02492255,-2.747046,-0.9708017,0.09719207,0.2193121,1.194185,1.095903,0.1409878,-2.485147,0.6618009,0.7376131,0.1339634,0.006396711,-0.0107748,1.237648,2.244978,0.01570422,-2.927708,-0.03822155,-0.5676561,-0.04159353,0.8213257,353.6843,290.779,358.5627,0.6460016,0.007422704,-0.7632995,0.0,0.0,0.0,1.037229,0.1712949,-2.483874,0.04969561,-0.03290553,1.280504,0.352073,-0.02493027,0.9356405,0.111717,0.9936181,-0.01556303,-0.9292814,0.1100063,0.3526113,static,-77.2701,23.90138,2.2225,-1.472024
1565,05/05/2023 15:40:02.524043,1772,True,True,True,True,Eyes,2.254104,0.02443834,-2.754584,-0.9694046,0.09579018,0.2260068,1.192624,1.097969,0.13868,-2.485043,0.7995368,0.5838485,0.1409325,0.005625665,-0.005551483,1.234319,2.240817,0.01375709,-2.934376,-0.03699186,-0.5646035,-0.03972317,0.8235754,353.9275,291.207,358.6367,0.6448585,0.007381696,-0.7642658,0.0,0.0,0.0,1.037229,0.1712949,-2.483874,0.04980633,-0.03105518,1.283123,0.3592897,-0.02365858,0.9329262,0.1072015,0.9941074,-0.0160755,-0.9270484,0.1057869,0.3597088,static,-76.8765,22.96906,2.222904,-1.386448
1566,05/05/2023 15:40:02.543626,1773,True,True,True,True,Eyes,2.252855,0.02392116,-2.762053,-0.9680356,0.09436889,0.2323824,1.189506,1.101371,0.1361735,-2.485633,0.7445891,0.6565264,0.1206656,0.004955322,0.0004401514,1.229372,2.236631,0.01209175,-2.94079,-0.03487639,-0.5617279,-0.03834379,0.8256968,354.2221,291.6147,358.6098,0.6437079,0.007330206,-0.7652357,0.0,0.0,0.0,1.037229,0.1712949,-2.483874,0.04857844,-0.02664297,1.285698,0.3659831,-0.02413861,0.9303084,0.1025028,0.9946268,-0.01451709,-0.9249592,0.1006722,0.3664909,static,-76.50125,22.10173,2.163818,-1.187146
1868,05/05/2023 15:40:07.573753,2075,True,True,True,True,Eyes,0.4177713,-0.01958562,-3.135522,0.8636925,-0.2415044,0.4423922,0.0,0.0,0.0,0.0,0.0,0.0,0.0,-2.767088,0.3065904,1.21469,0.2769623,-0.0121967,-3.024796,0.1181009,0.4966385,-0.08169625,0.8559954,16.45933,60.04868,358.6523,0.1494613,-0.006135616,-0.9887483,0.0,0.0,0.0,1.671795,-0.3673453,-2.526614,0.2366357,0.0908504,1.437884,0.4933518,-0.02255632,-0.8695374,0.2571701,0.9587558,0.1210406,0.8309438,-0.2833347,0.4788047,static,62.87801,-28.63037,9.345524,3.615337
1869,05/05/2023 15:40:07.593532,2076,True,True,True,True,Eyes,0.4119677,-0.01927849,-3.130182,0.8662492,-0.2414517,0.4373939,0.0,0.0,0.0,0.0,0.0,0.0,0.0,-2.771449,0.3061829,1.189156,0.2726752,-0.01117329,-3.018989,0.1188075,0.5006871,-0.08151878,0.8535525,16.52584,60.61584,358.7932,0.1477243,-0.006141292,-0.9890093,0.0,0.0,0.0,1.671795,-0.3673453,-2.526614,0.2337826,0.0888716,1.441117,0.4853342,-0.02019027,-0.8740957,0.2581319,0.9584789,0.1211862,0.8353555,-0.2844478,0.4703943,static,63.20949,-28.89973,9.214436,3.528879
1870,05/05/2023 15:40:07.614851,2077,True,True,True,True,Eyes,0.4062463,-0.01891045,-3.124804,0.868839,-0.2413702,0.4322722,0.0,0.0,0.0,0.0,0.0,0.0,0.0,-2.774632,0.3082064,1.164199,0.2683865,-0.00957533,-3.012774,0.1204684,0.5044341,-0.08183795,0.8510795,16.71553,61.15424,358.9372,0.1460024,-0.00613786,-0.989265,0.0,0.0,0.0,1.671795,-0.3673453,-2.526614,0.2318407,0.08526614,1.444155,0.4776977,-0.01776447,-0.8783446,0.2608379,0.9575799,0.1224926,0.8389091,-0.28762,0.4620673,static,63.54835,-29.17792,9.12029,3.378948
1871,05/05/2023 15:40:07.623658,2078,True,True,True,True,Eyes,0.4006028,-0.01849994,-3.119389,0.8714603,-0.241026,0.4271575,0.0,0.0,0.0,0.0,0.0,0.0,0.0,-2.776113,0.2984716,1.145825,0.2645328,-0.007771504,-3.006453,0.1187366,0.5078064,-0.08093877,0.8494018,16.49386,61.59889,358.9896,0.144296,-0.006124267,-0.9895154,0.0,0.0,0.0,1.671795,-0.3673453,-2.526614,0.2310803,0.08240025,1.446876,0.4711633,-0.0169087,-0.881884,0.2580894,0.9587011,0.1195077,0.8434424,-0.2839125,0.4560687,static,63.88762,-29.43411,9.074065,3.259501
1872,05/05/2023 15:40:07.643433,2079,True,True,True,True,Eyes,0.3950408,-0.0180803,-3.113959,0.8740628,-0.2405955,0.4220522,0.0,0.0,0.0,0.0,0.0,0.0,0.0,-2.775773,0.2843673,1.132577,0.260679,-0.00640499,-3.000087,0.1155117,0.5106505,-0.07956111,0.8482708,16.09472,61.95165,358.9858,0.1426059,-0.006100144,-0.9897605,0.0,0.0,0.0,1.671795,-0.3673453,-2.526614,0.2320906,0.08218388,1.449183,0.4658122,-0.01700655,-0.8847201,0.2529509,0.9606542,0.1147145,0.8479592,-0.2772262,0.4517863,static,64.22584,-29.68578,9.09881,3.245796
1873,05/05/2023 15:40:07.663491,2080,True,True,True,True,Eyes,0.3895461,-0.01765821,-3.108501,0.87664,-0.2401159,0.4169494,0.0,0.0,0.0,0.0,0.0,0.0,0.0,-2.774962,0.2774915,1.119233,0.2568458,-0.005795882,-2.99401,0.1137267,0.5131878,-0.07838053,0.8470897,15.85009,62.28382,359.0432,0.1409322,-0.006066203,-0.9900004,0.0,0.0,0.0,1.671795,-0.3673453,-2.526614,0.2329814,0.08120921,1.451255,0.4609894,-0.01606438,-0.8872601,0.249517,0.9618455,0.1122255,0.8516043,-0.2731212,0.447409,static,64.5632,-29.9371,9.120324,3.202813
1874,05/05/2023 15:40:07.673796,2081,True,True,True,True,Eyes,0.3841244,-0.01723375,-3.103023,0.8791475,-0.239775,0.4118343,0.0,0.0,0.0,0.0,0.0,0.0,0.0,-2.773841,0.2732715,1.105594,0.2529084,-0.005324333,-2.987845,0.1130228,0.5155625,-0.07798081,0.8457778,15.75905,62.604,359.0851,0.1392748,-0.006023301,-0.9902351,0.0,0.0,0.0,1.671795,-0.3673453,-2.526614,0.2338479,0.07992607,1.453447,0.4562286,-0.01536819,-0.8897298,0.2484495,0.9622897,0.1107765,0.8544753,-0.2715924,0.4428423,static,64.89938,-30.20849,9.140101,3.147566
1875,05/05/2023 15:40:07.693612,2082,True,True,True,True,Eyes,0.3787635,-0.01681216,-3.097505,0.8816131,-0.2394508,0.4067203,0.0,0.0,0.0,0.0,0.0,0.0,0.0,-2.77279,0.2665977,1.092211,0.249083,-0.004840012,-2.981661,0.1124595,0.5178658,-0.07846697,0.8443996,15.73523,62.90922,359.0453,0.1376343,-0.005972221,-0.9904649,0.0,0.0,0.0,1.671795,-0.3673453,-2.526614,0.2332954,0.0816045,1.455703,0.4513157,-0.01603711,-0.8922201,0.2489928,0.9623916,0.1086507,0.8569227,-0.2711922,0.4383356,static,65.2344,-30.48685,9.104968,3.208556
1876,05/05/2023 15:40:07.715394,2083,True,True,True,True,Eyes,0.37348,-0.01639434,-3.09198,0.8839492,-0.2393533,0.4016762,0.0,0.0,0.0,0.0,0.0,0.0,0.0,-2.771472,0.2588039,1.078751,0.2451225,-0.004496463,-2.97517,0.1118694,0.5201834,-0.07927289,0.842977,15.72851,63.21376,358.9722,0.1360101,-0.005913821,-0.9906895,0.0,0.0,0.0,1.671795,-0.3673453,-2.526614,0.2325423,0.08621658,1.457916,0.4462501,-0.0172653,-0.8947417,0.2500356,0.9624021,0.1061337,0.8592688,-0.2710795,0.433789,static,65.56243,-30.79013,9.06252,3.38435
1877,05/05/2023 15:40:07.723879,2084,True,True,True,True,Eyes,0.368256,-0.01599053,-3.086401,0.8862576,-0.2392459,0.3966218,0.0,0.0,0.0,0.0,0.0,0.0,0.0,-2.769612,0.2530289,1.065938,0.241235,-0.004140271,-2.968633,0.1114117,0.5223609,-0.07971906,0.841648,15.71325,63.50465,358.9407,0.1344025,-0.005848902,-0.9909092,0.0,0.0,0.0,1.671795,-0.3673453,-2.526614,0.2317489,0.08948667,1.460194,0.441568,-0.01779656,-0.8970513,0.250585,0.9624646,0.1042547,0.8615248,-0.2708232,0.4294532,static,65.89032,-31.09876,9.018253,3.506933
1878,05/05/2023 15:40:07.743620,2085,True,True,True,True,Eyes,0.3630857,-0.01560585,-3.080787,0.8884715,-0.2393455,0.3915764,0.0,0.0,0.0,0.0,0.0,0.0,0.0,-2.767908,0.2484716,1.051369,0.2373876,-0.004075274,-2.961766,0.111033,0.5247561,-0.07994292,0.8401856,15.6927,63.82943,358.9404,0.1328112,-0.005778521,-0.9911242,0.0,0.0,0.0,1.671795,-0.3673453,-2.526614,0.2317956,0.09653396,1.46229,0.4364804,-0.01780333,-0.8995376,0.2508642,0.9625617,0.1026756,0.8640324,-0.2704777,0.4246055,static,66.21545,-31.43477,9.007323,3.776935
1879,05/05/2023 15:40:07.763252,2086,True,True,True,True,Eyes,0.3579615,-0.01523704,-3.075121,0.8906386,-0.2395219,0.3865126,0.0,0.0,0.0,0.0,0.0,0.0,0.0,-2.766089,0.2493715,1.036022,0.2333644,-0.004102901,-2.955047,0.1115505,0.5271278,-0.07985244,0.8386397,15.74082,64.16851,359.0277,0.1312361,-0.005703807,-0.9913344,0.0,0.0,0.0,1.671795,-0.3673453,-2.526614,0.2315026,0.09998144,1.464584,0.4315198,-0.01633213,-0.9019557,0.2515375,0.9623601,0.1029165,0.8663254,-0.2712862,0.4193856,static,66.54048,-31.7865,8.982263,3.905299
1880,05/05/2023 15:40:07.774129,2087,True,True,True,True,Eyes,0.3528946,-0.01487209,-3.06943,0.8926989,-0.239869,0.3815119,0.0,0.0,0.0,0.0,0.0,0.0,0.0,-2.763515,0.2548005,1.020815,0.2293035,-0.004078635,-2.948118,0.1130448,0.5292848,-0.07978826,0.8370855,15.88562,64.49426,359.1711,0.1296765,-0.005625664,-0.99154,0.0,0.0,0.0,1.671795,-0.3673453,-2.526614,0.232462,0.1059765,1.466568,0.4269828,-0.01391337,-0.9041526,0.253245,0.9617094,0.104795,0.8680741,-0.2737178,0.4141569,static,66.85963,-32.15892,9.00688,4.133099
1881,05/05/2023 15:40:07.793862,2088,True,True,True,True,Eyes,0.3478689,-0.01452345,-3.06368,0.8947414,-0.2401582,0.3765126,0.0,0.0,0.0,0.0,0.0,0.0,0.0,-2.760765,0.2555971,1.006924,0.2252561,-0.003745775,-2.941138,0.1137669,0.5314036,-0.07994065,0.8356296,15.96771,64.80111,359.2438,0.1281322,-0.005544518,-0.9917412,0.0,0.0,0.0,1.671795,-0.3673453,-2.526614,0.232264,0.1073954,1.468933,0.4224395,-0.01268924,-0.9063023,0.2545138,0.9613332,0.1051726,0.8699239,-0.2750956,0.4093347,static,67.17834,-32.53173,8.985084,4.181521
1882,05/05/2023 15:40:07.815840,2089,True,True,True,True,Eyes,0.3428881,-0.01420375,-3.057902,0.8967409,-0.240465,0.371527,0.0,0.0,0.0,0.0,0.0,0.0,0.0,-2.758049,0.2506292,0.9936286,0.2211715,-0.003798671,-2.933942,0.1130706,0.5336872,-0.07994374,0.8342674,15.90196,65.10904,359.2433,0.1266022,-0.005461139,-0.9919382,0.0,0.0,0.0,1.671795,-0.3673453,-2.526614,0.234492,0.1084692,1.471455,0.4175738,-0.01270026,-0.9085543,0.2540775,0.9616481,0.1033323,0.8723971,-0.2739921,0.404786,static,67.49538,-32.91233,9.054559,4.215969
1883,05/05/2023 15:40:07.824170,2090,True,True,True,True,Eyes,0.337935,-0.01392648,-3.052063,0.8987306,-0.2407567,0.3664963,0.0,0.0,0.0,0.0,0.0,0.0,0.0,-2.755753,0.2434954,0.9798132,0.2169359,-0.004161848,-2.926845,0.1119599,0.5361497,-0.08008451,0.8328235,15.80476,65.43447,359.2057,0.1250862,-0.005376659,-0.9921309,0.0,0.0,0.0,1.671795,-0.3673453,-2.526614,0.2365967,0.1206859,1.473133,0.4122601,-0.01333801,-0.9109685,0.2534471,0.9621029,0.1006111,0.8751035,-0.2723602,0.4000172,static,67.8147,-33.30148,9.124228,4.683476
1884,05/05/2023 15:40:07.843576,2091,True,True,True,True,Eyes,0.3330028,-0.01368426,-3.046174,0.9006665,-0.2410087,0.3615448,0.0,0.0,0.0,0.0,0.0,0.0,0.0,-2.753933,0.2377605,0.9632955,0.2125963,-0.004907001,-2.919485,0.1114508,0.5389012,-0.08064093,0.8310603,15.79282,65.80788,359.1715,0.1235839,-0.005292573,-0.9923196,0.0,0.0,0.0,1.671795,-0.3673453,-2.526614,0.2351109,0.1125052,1.475896,0.4061651,-0.01391304,-0.9136939,0.2541569,0.9621515,0.09832969,0.8777439,-0.2721597,0.3943285,static,68.12853,-33.68774,9.051193,4.359134
1885,05/05/2023 15:40:07.866187,2092,True,True,True,True,Eyes,0.3280985,-0.01347643,-3.040221,0.9025984,-0.2412197,0.3565519,0.0,0.0,0.0,0.0,0.0,0.0,0.0,-2.75191,0.2348972,0.9466488,0.20806,-0.005479827,-2.912218,0.1115736,0.5415947,-0.08118528,0.8292379,15.84174,66.18472,359.1788,0.1220934,-0.005209912,-0.9925046,0.0,0.0,0.0,1.671795,-0.3673453,-2.526614,0.2383806,0.09856816,1.47961,0.4001682,-0.01378849,-0.916338,0.2554992,0.9619206,0.09710305,0.8801055,-0.2729811,0.3884529,static,68.44458,-34.07971,9.1523,3.811279
1886,05/05/2023 15:40:07.873530,2093,True,True,True,True,Eyes,0.3232228,-0.01330227,-3.034214,0.9044968,-0.2412036,0.3517194,0.0,0.0,0.0,0.0,0.0,0.0,0.0,-2.749429,0.2314057,0.93047,0.2037745,-0.006102636,-2.904673,0.1111095,0.5442749,-0.08115659,0.8275464,15.79757,66.55513,359.2036,0.1206151,-0.0051297,-0.9926857,0.0,0.0,0.0,1.671795,-0.3673453,-2.526614,0.2427714,0.1062448,1.481435,0.3943567,-0.0133735,-0.9188601,0.2552699,0.9621366,0.09555348,0.882791,-0.2722395,0.3828389,static,68.75111,-34.44171,9.306668,4.102086
1887,05/05/2023 15:40:07.894205,2094,True,True,True,True,Eyes,0.3183533,-0.01317547,-3.028143,0.9063918,-0.2411809,0.3468221,0.0,0.0,0.0,0.0,0.0,0.0,0.0,-2.747204,0.2246379,0.9139574,0.1994243,-0.006739403,-2.897083,0.1100886,0.547123,-0.08131823,0.8257871,15.71198,66.93906,359.1763,0.1191476,-0.005052731,-0.9928634,0.0,0.0,0.0,1.671795,-0.3673453,-2.526614,0.2466918,0.1007966,1.483172,0.3880876,-0.01383906,-0.9215187,0.2547671,0.9625357,0.09283742,0.8857098,-0.2708017,0.3770739,static,69.06113,-34.81484,9.443398,3.887854
1888,05/05/2023 15:40:07.915875,2095,True,True,True,True,Eyes,0.3134848,-0.01307331,-3.022005,0.9082118,-0.2412583,0.3419732,0.0,0.0,0.0,0.0,0.0,0.0,0.0,-2.744626,0.2224092,0.8968564,0.194656,-0.007748027,-2.889436,0.1099129,0.5499436,-0.08141357,0.8239254,15.70389,67.33477,359.2104,0.1176897,-0.004980229,-0.9930376,0.0,0.0,0.0,1.671795,-0.3673453,-2.526614,0.251879,0.08905389,1.485457,0.3818678,-0.01326566,-0.9241218,0.2550492,0.9625819,0.0915743,0.8883282,-0.2706658,0.3709624,static,69.36691,-35.20255,9.623722,3.430804
1889,05/05/2023 15:40:07.923886,2096,True,True,True,True,Eyes,0.3086282,-0.0129928,-3.015801,0.91004,-0.2413018,0.3370468,0.0,0.0,0.0,0.0,0.0,0.0,0.0,-2.741934,0.22441,0.8787507,0.1898426,-0.008206152,-2.88178,0.1110312,0.5527112,-0.08180778,0.8218819,15.83936,67.74401,359.301,0.1162397,-0.004912541,-0.9932087,0.0,0.0,0.0,1.671795,-0.3673453,-2.526614,0.2557314,0.09984629,1.487417,0.3756354,-0.01173629,-0.9266933,0.257209,0.9619591,0.09207686,0.8903604,-0.2729412,0.3643646,static,69.67715,-35.6,9.755482,3.840351
1890,05/05/2023 15:40:07.943786,2097,True,True,True,True,Eyes,0.3037657,-0.01293398,-3.009511,0.9118756,-0.2412825,0.3320628,0.0,0.0,0.0,0.0,0.0,0.0,0.0,-2.73911,0.2245182,0.8606721,0.1852197,-0.008643116,-2.873936,0.1110315,0.555647,-0.08126707,0.8199537,15.80672,68.16589,359.4116,0.1147974,-0.00484992,-0.9933767,0.0,0.0,0.0,1.671795,-0.3673453,-2.526614,0.2579799,0.1044345,1.488968,0.3693042,-0.009881794,-0.929256,0.2566591,0.9621354,0.09176983,0.8931632,-0.2723931,0.3578568,static,69.99072,-36.0028,9.829535,4.012089
1891,05/05/2023 15:40:07.963258,2098,True,True,True,True,Eyes,0.2989079,-0.01291467,-3.003157,0.9137123,-0.2412317,0.3270123,0.0,0.0,0.0,0.0,0.0,0.0,0.0,-2.736001,0.2254061,0.8436265,0.1804701,-0.009107155,-2.866281,0.1108984,0.5584796,-0.08039225,0.8181314,15.73889,68.57396,359.5432,0.1133611,-0.004792568,-0.9935419,0.0,0.0,0.0,1.671795,-0.3673453,-2.526614,0.2618189,0.08759479,1.49149,0.3632752,-0.007673913,-0.9316503,0.2554118,0.9624773,0.09166404,0.8959888,-0.2712538,0.3516042,static,70.30801,-36.41559,9.956362,3.361104
1892,05/05/2023 15:40:07.973870,2099,True,True,True,True,Eyes,0.294033,-0.01290243,-2.996745,0.9154928,-0.2411904,0.3220249,0.0,0.0,0.0,0.0,0.0,0.0,0.0,-2.732775,0.2245504,0.8262886,0.1756726,-0.01003601,-2.858369,0.1107047,0.5613517,-0.08004856,0.8162237,15.6994,68.98351,359.6199,0.1119302,-0.004741274,-0.9937044,0.0,0.0,0.0,1.671795,-0.3673453,-2.526614,0.2655975,0.08163104,1.493537,0.3569529,-0.006386577,-0.9341006,0.2549636,0.9626734,0.09084873,0.8986536,-0.2705903,0.3452575,static,70.62067,-36.8325,10.08357,3.128457
1893,05/05/2023 15:40:07.993696,2100,True,True,True,True,Eyes,0.2891715,-0.01286845,-2.99027,0.9172161,-0.2413235,0.316982,0.0,0.0,0.0,0.0,0.0,0.0,0.0,-2.728652,0.223227,0.8129147,0.1704727,-0.01017667,-2.850796,0.1110458,0.5636376,-0.08047175,0.8145588,15.76071,69.31417,359.6476,0.1105033,-0.004695689,-0.9938644,0.0,0.0,0.0,1.671795,-0.3673453,-2.526614,0.2662065,0.08288442,1.495458,0.3516741,-0.005918798,-0.9361038,0.256277,0.9623863,0.09019283,0.9003596,-0.2716204,0.3399632,static,70.9353,-37.2826,10.0935,3.172322
1894,05/05/2023 15:40:08.016077,2101,True,True,True,True,Eyes,0.2843122,-0.0128618,-2.983726,0.9189494,-0.241274,0.3119596,0.0,0.0,0.0,0.0,0.0,0.0,0.0,-2.72519,0.2166127,0.7971507,0.1658896,-0.009592864,-2.842783,0.1119559,0.5661225,-0.08277641,0.8124774,16.00053,69.67156,359.5383,0.1090794,-0.004654505,-0.9940219,0.0,0.0,0.0,1.671795,-0.3673453,-2.526614,0.2629666,0.07850863,1.498185,0.3453068,-0.007746455,-0.938458,0.2612694,0.9612279,0.08820005,0.9013888,-0.2756464,0.3339425,static,71.24898,-37.71887,9.955346,2.999699
1895,05/05/2023 15:40:08.033623,2102,True,True,True,True,Eyes,0.2794256,-0.01287202,-2.977135,0.9206421,-0.2412238,0.3069678,0.0,0.0,0.0,0.0,0.0,0.0,0.0,-2.722241,0.2033671,0.7812232,0.1611274,-0.01028938,-2.834819,0.1095461,0.5692156,-0.08310162,0.8106093,15.79543,70.07088,359.4036,0.1076581,-0.004618212,-0.994177,0.0,0.0,0.0,1.671795,-0.3673453,-2.526614,0.2558492,0.07944305,1.501685,0.3381754,-0.01001523,-0.9410299,0.2594365,0.9621875,0.08299264,0.9046161,-0.2722036,0.3279865,static,71.56017,-38.16124,9.668914,3.028274
1896,05/05/2023 15:40:08.043882,2103,True,True,True,True,Eyes,0.2745518,-0.01280724,-2.970454,0.922204,-0.2413893,0.3021107,0.0,0.0,0.0,0.0,0.0,0.0,0.0,-2.716925,0.1959535,0.7724135,0.1555482,-0.01071688,-2.827082,0.1086967,0.5710803,-0.08401757,0.8093166,15.77746,70.31837,359.2948,0.106238,-0.004586904,-0.9943299,0.0,0.0,0.0,1.671795,-0.3673453,-2.526614,0.2497448,0.08301971,1.504872,0.3336166,-0.01184451,-0.9426344,0.2601427,0.9622521,0.07997856,0.9061046,-0.2719017,0.3241046,static,71.86139,-38.62518,9.422783,3.157652
1897,05/05/2023 15:40:08.063655,2104,True,True,True,True,Eyes,0.2697242,-0.01273872,-2.963693,0.9238445,-0.2411842,0.2972232,0.0,0.0,0.0,0.0,0.0,0.0,0.0,-2.712141,0.1784304,0.7612664,0.1510705,-0.008847772,-2.818541,0.109183,0.5729913,-0.08868824,0.8073999,16.13753,70.57173,358.9208,0.104819,-0.004557583,-0.9944806,0.0,0.0,0.0,1.671795,-0.3673453,-2.526614,0.2459677,0.07582013,1.507871,0.3276308,-0.0180919,-0.9446326,0.2683356,0.9604269,0.07467353,0.9058997,-0.2779438,0.3195201,static,72.16576,-39.05789,9.26463,2.878573
1898,05/05/2023 15:40:08.074803,2105,True,True,True,True,Eyes,0.2648741,-0.0126771,-2.956872,0.9254645,-0.2408247,0.2924365,0.0,0.0,0.0,0.0,0.0,0.0,0.0,-2.708171,0.1568508,0.7471029,0.1472704,-0.008799825,-2.809838,0.1038471,0.5761849,-0.08757183,0.8059515,15.56353,70.94824,358.7219,0.1034017,-0.004529926,-0.9946291,0.0,0.0,0.0,1.671795,-0.3673453,-2.526614,0.2445629,0.06451826,1.510539,0.3206843,-0.02148699,-0.9469423,0.2608276,0.9630939,0.0664764,0.910566,-0.2683066,0.3144535,static,72.46404,-39.47183,9.196636,2.445735
1899,05/05/2023 15:40:08.093511,2106,True,True,True,True,Eyes,0.2600397,-0.01257641,-2.94999,0.9269785,-0.2408238,0.2876017,0.0,0.0,0.0,0.0,0.0,0.0,0.0,-2.70172,0.1595854,0.7388637,0.1419505,-0.008914194,-2.801866,0.1040401,0.577751,-0.08689678,0.8048779,15.53866,71.18291,358.8305,0.1019851,-0.004504003,-0.9947755,0.0,0.0,0.0,1.671795,-0.3673453,-2.526614,0.2433831,0.05775275,1.51284,0.3173055,-0.01966408,-0.9481195,0.2601011,0.9632492,0.06706969,0.9119565,-0.2678885,0.3107589,static,72.76312,-39.94119,9.139337,2.186208
1900,05/05/2023 15:40:08.113327,2107,True,True,True,True,Eyes,0.2552231,-0.01241842,-2.94301,0.9284858,-0.240718,0.282788,0.0,0.0,0.0,0.0,0.0,0.0,0.0,-2.69654,0.1630668,0.7243764,0.1374654,-0.007791453,-2.793508,0.1075925,0.5796221,-0.08957202,0.8027695,16.05618,71.50018,358.862,0.1005687,-0.00447832,-0.9949198,0.0,0.0,0.0,1.671795,-0.3673453,-2.526614,0.242529,0.05524619,1.514978,0.3120301,-0.01908538,-0.9498805,0.2685374,0.9608014,0.06890814,0.9113314,-0.2765798,0.3049241,static,73.06089,-40.40547,9.095163,2.08846
1901,05/05/2023 15:40:08.117735,2108,True,True,True,True,Eyes,0.2504384,-0.01224747,-2.935993,0.9299996,-0.2404906,0.2779657,0.0,0.0,0.0,0.0,0.0,0.0,0.0,-2.690704,0.1617055,0.7138242,0.1334139,-0.006288466,-2.785272,0.1074223,0.581498,-0.08898868,0.8014997,16.00322,71.77425,358.9439,0.09915288,-0.00445092,-0.9950621,0.0,0.0,0.0,1.671795,-0.3673453,-2.526614,0.2419038,0.05481407,1.516926,0.3078824,-0.01771707,-0.9512596,0.2675805,0.9610829,0.0687045,0.913022,-0.2756914,0.3006413,static,73.35923,-40.86574,9.060654,2.069481
1902,05/05/2023 15:40:08.146856,2109,True,True,True,True,Eyes,0.2456567,-0.01205657,-2.92892,0.931471,-0.2403227,0.2731423,0.0,0.0,0.0,0.0,0.0,0.0,0.0,-2.685287,0.1661905,0.7013495,0.1293431,-0.005803109,-2.777321,0.1072289,0.5836414,-0.08692911,0.8001927,15.84753,72.09656,359.1689,0.0977382,-0.004421519,-0.9952021,0.0,0.0,0.0,1.671795,-0.3673453,-2.526614,0.2415752,0.05511926,1.518835,0.3036124,-0.01395363,-0.9526935,0.2642865,0.9618906,0.07013673,0.9154083,-0.2730784,0.2957296,static,73.65688,-41.34275,9.037363,2.07838
1903,05/05/2023 15:40:08.163235,2110,True,True,True,True,Eyes,0.2409131,-0.01183766,-2.921839,0.9328928,-0.2402523,0.2683091,0.0,0.0,0.0,0.0,0.0,0.0,0.0,-2.679878,0.1745389,0.6895807,0.1249083,-0.00509986,-2.769857,0.1091645,0.5853977,-0.0863938,0.7987044,15.9936,72.39253,359.3922,0.09632379,-0.004389617,-0.9953402,0.0,0.0,0.0,1.671795,-0.3673453,-2.526614,0.2416394,0.05498738,1.520653,0.2996915,-0.01019688,-0.9539816,0.2658155,0.9612384,0.07323096,0.9162571,-0.2755298,0.2907855,static,73.95425,-41.84225,9.029095,2.070934
1904,05/05/2023 15:40:08.173367,2111,True,True,True,True,Eyes,0.2362034,-0.01160038,-2.914744,0.9343078,-0.2401343,0.2634475,0.0,0.0,0.0,0.0,0.0,0.0,0.0,-2.674998,0.1783976,0.6773919,0.1210362,-0.004165865,-2.76254,0.1107081,0.5872322,-0.08653085,0.7971291,16.14831,72.68985,359.527,0.09491009,-0.004354478,-0.9954761,0.0,0.0,0.0,1.671795,-0.3673453,-2.526614,0.2411223,0.05485117,1.522399,0.2953416,-0.007929829,-0.9553589,0.2679751,0.9605123,0.07486983,0.9170403,-0.2781246,0.2858042,static,74.2531,-42.34939,8.999928,2.063442
1905,05/05/2023 15:40:08.193368,2112,True,True,True,True,Eyes,0.2315264,-0.01135885,-2.907656,0.9356883,-0.2400726,0.2585586,0.0,0.0,0.0,0.0,0.0,0.0,0.0,-2.671101,0.1722902,0.6651745,0.1172266,-0.003502089,-2.75557,0.1101674,0.5894485,-0.08699879,0.7955155,16.13148,73.00204,359.4905,0.09349756,-0.004315767,-0.9956099,0.0,0.0,0.0,1.671795,-0.3673453,-2.526614,0.2402166,0.05634199,1.52437,0.2899634,-0.008541711,-0.9569996,0.2682938,0.9605887,0.07271718,0.9186618,-0.2778424,0.2808272,static,74.55293,-42.87682,8.955265,2.116737
1906,05/05/2023 15:40:08.216983,2113,True,True,True,True,Eyes,0.2268975,-0.01109036,-2.900571,0.9370211,-0.2400729,0.2536857,0.0,0.0,0.0,0.0,0.0,0.0,0.0,-2.667638,0.1589871,0.652837,0.1132631,-0.003184189,-2.748623,0.1091377,0.5917904,-0.08902431,0.7936925,16.17732,73.3147,359.2756,0.09208619,-0.004273649,-0.9957417,0.0,0.0,0.0,1.671795,-0.3673453,-2.526614,0.239869,0.06011821,1.526191,0.2837177,-0.01214258,-0.958831,0.2704891,0.9603273,0.06787606,0.9199674,-0.2786109,0.2757463,static,74.8511,-43.42077,8.932022,2.255773
1907,05/05/2023 15:40:08.224586,2114,True,True,True,True,Eyes,0.2223254,-0.01083146,-2.893473,0.9383696,-0.2399829,0.2487384,0.0,0.0,0.0,0.0,0.0,0.0,0.0,-2.664923,0.135131,0.6381495,0.109739,-0.001862095,-2.741398,0.1072903,0.5946115,-0.09266765,0.7914156,16.26169,73.67426,358.8608,0.09067727,-0.004227514,-0.9958711,0.0,0.0,0.0,1.671795,-0.3673453,-2.526614,0.2400054,0.06222032,1.528082,0.2756998,-0.01908521,-0.9610543,0.2742693,0.959803,0.05961987,0.9212849,-0.2800249,0.269852,static,75.15376,-43.97365,8.926133,2.331677
1908,05/05/2023 15:40:08.243476,2115,True,True,True,True,Eyes,0.2178089,-0.01055629,-2.886335,0.9397728,-0.2397157,0.2436464,0.0,0.0,0.0,0.0,0.0,0.0,0.0,-2.662148,0.1071968,0.6223371,0.1064314,-0.001930797,-2.733953,0.1032113,0.5978686,-0.09511378,0.789211,16.0599,74.06692,358.4069,0.08927164,-0.004178048,-0.9959983,0.0,0.0,0.0,1.671795,-0.3673453,-2.526614,0.2402796,0.06105701,1.530009,0.267013,-0.02671606,-0.9633226,0.2735434,0.9606016,0.04917994,0.9240553,-0.2766421,0.263801,static,75.46545,-44.53408,8.925096,2.28525
1909,05/05/2023 15:40:08.263374,2116,True,True,True,True,Eyes,0.2133562,-0.01029231,-2.879184,0.9411843,-0.239406,0.2384469,0.0,0.0,0.0,0.0,0.0,0.0,0.0,-2.659065,0.08277471,0.6059105,0.1032334,-0.001850531,-2.726526,0.09885561,0.6012191,-0.09620092,0.7870888,15.74116,74.48083,358.0608,0.08787018,-0.004124979,-0.9961231,0.0,0.0,0.0,1.671795,-0.3673453,-2.526614,0.2400271,0.05957744,1.532168,0.2585618,-0.03256954,-0.9654457,0.2703051,0.9619459,0.03994061,0.9274057,-0.271292,0.2575262,static,75.78337,-45.11501,8.903505,2.226791
1910,05/05/2023 15:40:08.273514,2117,True,True,True,True,Eyes,0.2089822,-0.01001985,-2.872012,0.9426037,-0.2390657,0.2331218,0.0,0.0,0.0,0.0,0.0,0.0,0.0,-2.656056,0.06560289,0.586638,0.1002076,-0.001910352,-2.719013,0.0964565,0.6046385,-0.09755188,0.7845969,15.62417,74.94077,357.8318,0.08647417,-0.004069021,-0.9962456,0.0,0.0,0.0,1.671795,-0.3673453,-2.526614,0.2387542,0.06077566,1.534364,0.2497919,-0.03643518,-0.9676139,0.2697204,0.9623595,0.0333917,0.9299759,-0.2693262,0.2502169,static,76.10854,-45.7212,8.844563,2.268282
1911,05/05/2023 15:40:08.293807,2118,True,True,True,True,Eyes,0.204689,-0.00975552,-2.864821,0.9440604,-0.2385502,0.2276922,0.0,0.0,0.0,0.0,0.0,0.0,0.0,-2.653052,0.0537914,0.5648315,0.09759478,-0.001470833,-2.711289,0.09473321,0.608279,-0.09795731,0.7819377,15.50496,75.45231,357.7433,0.0850849,-0.004010116,-0.9963654,0.0,0.0,0.0,1.671795,-0.3673453,-2.526614,0.2373866,0.06334039,1.536812,0.2408021,-0.03794459,-0.9698322,0.2684415,0.96286,0.0289802,0.9327129,-0.2673217,0.2420446,static,76.44015,-46.33408,8.780904,2.360135
1912,05/05/2023 15:40:08.313575,2119,True,True,True,True,Eyes,0.2004639,-0.009512216,-2.857623,0.9454652,-0.2380016,0.2223755,0.0,0.0,0.0,0.0,0.0,0.0,0.0,-2.649533,0.04906603,0.544136,0.09513617,-0.001432315,-2.703601,0.09286564,0.6117243,-0.09635578,0.7796699,15.23006,75.94408,357.824,0.08370411,-0.003948811,-0.9964826,0.0,0.0,0.0,1.671795,-0.3673453,-2.526614,0.2363716,0.06330141,1.539035,0.233018,-0.03663505,-0.9717821,0.2638677,0.964183,0.02692275,0.9359896,-0.2626954,0.2343389,static,76.76447,-46.94398,8.731504,2.355281
1913,05/05/2023 15:40:08.324032,2120,True,True,True,True,Eyes,0.1963179,-0.009271665,-2.850415,0.9468119,-0.2375807,0.2170312,0.0,0.0,0.0,0.0,0.0,0.0,0.0,-2.64509,0.05200749,0.5267293,0.09239612,-0.001661399,-2.695943,0.09334318,0.6143689,-0.09558555,0.7776255,15.22568,76.35188,357.9827,0.08233269,-0.003886038,-0.9965971,0.0,0.0,0.0,1.671795,-0.3673453,-2.526614,0.2350048,0.06240897,1.54144,0.2268285,-0.03396523,-0.9733423,0.2633538,0.9643009,0.02772249,0.9376533,-0.2626216,0.2276758,static,77.08952,-47.58814,8.668446,2.318494
1914,05/05/2023 15:40:08.343736,2121,True,True,True,True,Eyes,0.1922675,-0.009006043,-2.843223,0.9480535,-0.2373323,0.2118205,0.0,0.0,0.0,0.0,0.0,0.0,0.0,-2.64028,0.05875308,0.5111849,0.09009381,-0.001426613,-2.688442,0.09539077,0.616473,-0.09549814,0.7757202,15.41076,76.70337,358.1841,0.08097157,-0.003821991,-0.9967089,0.0,0.0,0.0,1.671795,-0.3673453,-2.526614,0.2335509,0.06382634,1.544108,0.2216822,-0.03054797,-0.9746403,0.2657713,0.9635614,0.03024904,0.9382018,-0.2657371,0.2217232,static,77.40545,-48.2509,8.600964,2.366998
1915,05/05/2023 15:40:08.363758,2122,True,True,True,True,Eyes,0.188314,-0.008748401,-2.836038,0.9492992,-0.2370365,0.2065061,0.0,0.0,0.0,0.0,0.0,0.0,0.0,-2.635854,0.06695797,0.4941585,0.08816566,-0.0004659267,-2.681161,0.09793058,0.6187076,-0.09527076,0.7736498,15.6296,77.08621,358.4391,0.07962219,-0.003755867,-0.9968178,0.0,0.0,0.0,1.671795,-0.3673453,-2.526614,0.2317587,0.06839684,1.546905,0.2162488,-0.02623162,-0.9759858,0.2685932,0.9626662,0.03363846,0.9386662,-0.2694174,0.215221,static,77.72735,-48.93763,8.52073,2.5317
1916,05/05/2023 15:40:08.373670,2123,True,True,True,True,Eyes,0.1844396,-0.008499611,-2.828897,0.950456,-0.2368299,0.2013575,0.0,0.0,0.0,0.0,0.0,0.0,0.0,-2.632164,0.07846064,0.4730439,0.08646394,-0.0003494071,-2.674087,0.09937219,0.6216518,-0.09287135,0.7713943,15.59154,77.56864,358.8262,0.07828643,-0.003688125,-0.9969239,0.0,0.0,0.0,1.671795,-0.3673453,-2.526614,0.2297918,0.06829673,1.549754,0.2098479,-0.01973104,-0.9775349,0.2668307,0.9630001,0.03784297,0.9406195,-0.2687775,0.2073484,static,78.03854,-49.62815,8.434156,2.523359
1917,05/05/2023 15:40:08.393655,2124,True,True,True,True,Eyes,0.1806634,-0.008243477,-2.821768,0.9515718,-0.236755,0.1961079,0.0,0.0,0.0,0.0,0.0,0.0,0.0,-2.628038,0.08948738,0.455133,0.08427212,-0.0002259519,-2.667327,0.1016313,0.6240749,-0.09168296,0.7692826,15.71191,77.98418,359.1542,0.07696487,-0.003619184,-0.997027,0.0,0.0,0.0,1.671795,-0.3673453,-2.526614,0.22806,0.06724113,1.552812,0.2042492,-0.01420907,-0.9788159,0.2679114,0.9625306,0.04193237,0.9415444,-0.2708005,0.2004029,static,78.35504,-50.36452,8.355244,2.47952
1918,05/05/2023 15:40:08.413509,2125,True,True,True,True,Eyes,0.1769918,-0.007979183,-2.814644,0.9526597,-0.2366894,0.1908339,0.0,0.0,0.0,0.0,0.0,0.0,0.0,-2.624483,0.08620708,0.4352324,0.08278362,0.0002389643,-2.660435,0.1026483,0.6269123,-0.09289356,0.7666911,15.89476,78.43048,359.1815,0.07565857,-0.003548846,-0.9971273,0.0,0.0,0.0,1.671795,-0.3673453,-2.526614,0.2264351,0.06762396,1.555721,0.1967036,-0.0137384,-0.9803668,0.2711443,0.9616683,0.04092684,0.9422254,-0.2738712,0.1928887,static,78.67261,-51.12205,8.281246,2.488962
1919,05/05/2023 15:40:08.423314,2126,True,True,True,True,Eyes,0.1734314,-0.007723909,-2.807506,0.9537737,-0.236512,0.1854127,0.0,0.0,0.0,0.0,0.0,0.0,0.0,-2.621317,0.07019421,0.413372,0.08153479,0.0006629666,-2.653385,0.1006507,0.6304765,-0.09417669,0.7638716,15.81433,78.93018,358.9899,0.07436913,-0.003476917,-0.9972245,0.0,0.0,0.0,1.671795,-0.3673453,-2.526614,0.2266228,0.070259,1.558954,0.1872603,-0.01696199,-0.982164,0.2707936,0.9620004,0.03501605,0.9442482,-0.2725208,0.1847377,static,78.99896,-51.90546,8.271065,2.580463
1920,05/05/2023 15:40:08.443792,2127,True,True,True,True,Eyes,0.1699723,-0.007489758,-2.800377,0.954847,-0.2362558,0.1801395,1.564348,1.663686,-0.3770761,-2.518576,-0.540529,-0.648636,0.5358168,0.163095,0.06481549,1.623096,0.08053336,0.0006388696,-2.645855,0.09761301,0.6343395,-0.09499729,0.7609604,15.60955,79.4603,358.7661,0.07309861,-0.003403855,-0.9973187,0.0,0.0,0.0,1.671795,-0.3673453,-2.526614,0.2260592,0.07745135,1.561602,0.177178,-0.02073881,-0.9839604,0.268418,0.9628944,0.02803821,0.9468685,-0.2690803,0.1761704,static,79.31626,-52.67532,8.236982,2.839394
1921,05/05/2023 15:40:08.463424,2128,True,True,True,True,Eyes,0.1666198,-0.007277703,-2.793223,0.955904,-0.2359857,0.1748095,1.564386,1.662022,-0.3764504,-2.519754,-0.6508173,-0.6063727,0.4568908,0.1593966,0.06129228,1.62232,0.07927749,0.0003350219,-2.638237,0.09533636,0.6375112,-0.09547745,0.7585345,15.44824,79.90302,358.6154,0.07184821,-0.003330486,-0.9974098,0.0,0.0,0.0,1.671795,-0.3673453,-2.526614,0.224417,0.07394618,1.564853,0.1689273,-0.02328992,-0.9853533,0.2664019,0.9635901,0.02289595,0.9489434,-0.2663677,0.1689811,static,79.63664,-53.47033,8.161197,2.705465
1922,05/05/2023 15:40:08.473589,2129,True,True,True,True,Eyes,0.163378,-0.007090459,-2.786075,0.9569172,-0.235624,0.1696783,1.565105,1.661054,-0.3758667,-2.520511,-0.7156898,-0.5677971,0.4066871,0.1569443,0.06085645,1.621654,0.07841575,-3.335997e-06,-2.630432,0.09413172,0.6402116,-0.09617445,0.7563192,15.39853,80.29424,358.5172,0.07061873,-0.003257564,-0.9974979,0.0,0.0,0.0,1.671795,-0.3673453,-2.526614,0.2268377,0.07530514,1.568229,0.1617592,-0.02494872,-0.9865147,0.2660056,0.9637794,0.01924324,0.9503025,-0.2655313,0.1625366,static,79.94496,-54.24147,8.230508,2.749187
1923,05/05/2023 15:40:08.493451,2130,True,True,True,True,Eyes,0.1602402,-0.006927674,-2.778893,0.9579161,-0.2352535,0.164476,1.565894,1.660235,-0.3753098,-2.521342,-0.7708729,-0.5311447,0.3516254,0.1547654,0.05925467,1.621103,0.07763302,-0.000420128,-2.622665,0.09259819,0.642894,-0.09665458,0.7541689,15.30438,80.67877,358.4122,0.06941243,-0.003185953,-0.9975828,0.0,0.0,0.0,1.671795,-0.3673453,-2.526614,0.228959,0.08555292,1.570542,0.1546903,-0.02672611,-0.9876015,0.2648495,0.9641669,0.01539204,0.9518013,-0.2639467,0.1562256,static,80.25721,-55.04093,8.294347,3.11802
1924,05/05/2023 15:40:08.513257,2131,True,True,True,True,Eyes,0.1572275,-0.006795899,-2.771726,0.9588363,-0.2348786,0.1595779,1.567087,1.659807,-0.374871,-2.521654,-0.7992722,-0.5017796,0.3307284,0.1518417,0.05893981,1.620958,0.07692789,-0.0008607469,-2.614633,0.09149896,0.6456464,-0.09724878,0.7518719,15.2581,81.08315,358.3318,0.06822875,-0.003116282,-0.9976646,0.0,0.0,0.0,1.671795,-0.3673453,-2.526614,0.2283983,0.07115282,1.573441,0.1473669,-0.02808531,-0.988683,0.2643892,0.9643412,0.01201435,0.9530904,-0.2631676,0.1495375,static,80.55094,-55.80758,8.259282,2.589218
1925,05/05/2023 15:40:08.524241,2132,True,True,True,True,Eyes,0.1543204,-0.006698381,-2.764508,0.9597403,-0.2344738,0.1546622,1.568226,1.65941,-0.3744063,-2.521962,-0.8258651,-0.4708691,0.3102082,0.1496099,0.05881031,1.620376,0.0766129,-0.001438411,-2.606281,0.09072707,0.6482556,-0.09757034,0.7496754,15.2204,81.47348,358.2978,0.06707015,-0.00304949,-0.9977434,0.0,0.0,0.0,1.671795,-0.3673453,-2.526614,0.2315046,0.07111673,1.576708,0.1404895,-0.02866353,-0.9896672,0.2639209,0.9644973,0.009530681,0.9542581,-0.2625327,0.1430666,static,80.84549,-56.5906,8.352931,2.582551
1926,05/05/2023 15:40:08.543658,2133,True,True,True,True,Eyes,0.1515333,-0.006640872,-2.757259,0.9605919,-0.2340274,0.1499809,1.569513,1.659195,-0.3739501,-2.521862,-0.840044,-0.440361,0.3168724,0.1493081,0.05801867,1.619934,0.07620367,-0.002171121,-2.597784,0.0901681,0.6503398,-0.09730623,0.7479703,15.15614,81.78872,358.3208,0.06593712,-0.002986486,-0.9978191,0.0,0.0,0.0,1.671795,-0.3673453,-2.526614,0.2321025,0.08495606,1.57911,0.1351793,-0.02828452,-0.9904175,0.2628441,0.9648024,0.008321874,0.9553218,-0.2614503,0.1378557,static,81.12584,-57.34546,8.361642,3.079542
1927,05/05/2023 15:40:08.563340,2134,True,True,True,True,Eyes,0.148868,-0.006619817,-2.74996,0.9614188,-0.2335471,0.1453605,1.570766,1.659032,-0.3734678,-2.521632,-0.8504809,-0.4080057,0.3319845,0.1504716,0.05689935,1.61906,0.07616699,-0.003052698,-2.589194,0.08994995,0.652029,-0.0965374,0.7466244,15.0824,82.05059,358.4063,0.06483186,-0.002928371,-0.9978917,0.0,0.0,0.0,1.671795,-0.3673453,-2.526614,0.2339866,0.08240613,1.581879,0.1310775,-0.02685438,-0.9910084,0.2614543,0.9651791,0.008427276,0.9562742,-0.260208,0.1335345,static,81.40235,-58.10173,8.414002,2.982061
1928,05/05/2023 15:40:08.574023,2135,True,True,True,True,Eyes,0.146327,-0.006634566,-2.742669,0.9621757,-0.2331134,0.140983,1.572284,1.659141,-0.3731551,-2.521004,-0.842937,-0.3870218,0.3737263,0.1531998,0.05583995,1.61814,0.07640275,-0.003906007,-2.580671,0.09014959,0.6532013,-0.09547584,0.7457114,15.02147,82.24046,358.5391,0.06375451,-0.00287592,-0.9979612,0.0,0.0,0.0,1.671795,-0.3673453,-2.526614,0.2345052,0.07746883,1.584844,0.1284247,-0.02462318,-0.9914135,0.2601665,0.9655148,0.009721253,0.9569851,-0.259181,0.1304021,static,81.66405,-58.83516,8.416835,2.79845
1929,05/05/2023 15:40:08.593891,2136,True,True,True,True,Eyes,0.1439099,-0.006693655,-2.735327,0.9629118,-0.232652,0.1366525,1.57383,1.659369,-0.3728484,-2.520259,-0.8282349,-0.366827,0.4236331,0.1559527,0.05527253,1.61738,0.07665556,-0.004583963,-2.572158,0.09035102,0.6543385,-0.09468473,0.7447904,14.98089,82.42426,358.6476,0.06270753,-0.002829923,-0.9980276,0.0,0.0,0.0,1.671795,-0.3673453,-2.526614,0.2352336,0.08079507,1.587886,0.1257519,-0.02280026,-0.9917997,0.2592808,0.965743,0.0106734,0.9575803,-0.2584969,0.1273557,static,81.92275,-59.57135,8.426658,2.91282
1930,05/05/2023 15:40:08.613701,2137,True,True,True,True,Eyes,0.1416177,-0.006780324,-2.727998,0.9636227,-0.2320904,0.1325336,1.575494,1.659799,-0.3724374,-2.519192,-0.799841,-0.3395501,0.4949345,0.1582629,0.05483604,1.616492,0.07719206,-0.00571262,-2.563543,0.09024124,0.655556,-0.094026,0.7438158,14.92322,82.61471,358.7215,0.06169126,-0.002791329,-0.998091,0.0,0.0,0.0,1.671795,-0.3673453,-2.526614,0.2354895,0.0843901,1.590546,0.1228109,-0.02155967,-0.992196,0.2581924,0.9660313,0.01096711,0.9582559,-0.2575243,0.1242056,static,82.16885,-60.27178,8.421792,3.037113
1931,05/05/2023 15:40:08.623541,2138,True,True,True,True,Eyes,0.1394509,-0.006901909,-2.720619,0.9643098,-0.2314973,0.1285136,1.577369,1.660523,-0.3720585,-2.517906,-0.7512641,-0.314149,0.5804417,0.1621381,0.05490295,1.615927,0.07762041,-0.006570517,-2.554783,0.09004503,0.6564094,-0.09373727,0.7431231,14.88555,82.74562,358.7487,0.06070731,-0.002760439,-0.9981515,0.0,0.0,0.0,1.671795,-0.3673453,-2.526614,0.234765,0.08422639,1.593511,0.12068,-0.02110383,-0.992467,0.2575294,0.9662104,0.01076904,0.9587048,-0.2568891,0.1220372,static,82.40893,-60.96356,8.38085,3.025603
1932,05/05/2023 15:40:08.643696,2139,True,True,True,True,Eyes,0.137414,-0.007062264,-2.713193,0.9649471,-0.2309914,0.1245795,1.579821,1.661858,-0.3719873,-2.516379,-0.6623939,-0.3094432,0.6822603,0.1666103,0.05386443,1.615617,0.07845345,-0.007546153,-2.546205,0.08890495,0.6571335,-0.09391068,0.7425984,14.80114,82.83772,358.6587,0.05975622,-0.002737772,-0.9982089,0.0,0.0,0.0,1.671795,-0.3673453,-2.526614,0.2337359,0.08692106,1.596476,0.1187127,-0.02263099,-0.9926708,0.2563207,0.9665534,0.008617627,0.9592743,-0.255465,0.1205429,static,82.64352,-61.66088,8.329351,3.116426
1933,05/05/2023 15:40:08.663341,2140,True,True,True,True,Eyes,0.1355091,-0.007243239,-2.705708,0.9655572,-0.2304997,0.120703,1.578912,1.660039,-0.371182,-2.515128,-0.5845659,-0.2577452,0.7693179,0.1713782,0.05323311,1.611795,0.0794841,-0.008634034,-2.537296,0.08746465,0.6578591,-0.094533,0.7420478,14.72528,82.92383,358.5059,0.05883925,-0.002723968,-0.9982635,0.0,0.0,0.0,1.671795,-0.3673453,-2.526614,0.2312145,0.09043741,1.599403,0.1165698,-0.02521718,-0.9928623,0.2553748,0.9668269,0.005427092,0.9597891,-0.2541847,0.1191427,static,82.8745,-62.36084,8.225866,3.236315
1934,05/05/2023 15:40:08.673847,2141,True,True,True,True,Eyes,0.1337539,-0.007447317,-2.69816,0.9661595,-0.2300041,0.1167646,1.578799,1.659126,-0.3705776,-2.513813,-0.4583846,-0.2195648,0.8612055,0.1747156,0.05381428,1.608915,0.08073798,-0.009318385,-2.528379,0.08596323,0.6589217,-0.09586156,0.7411095,14.69934,83.06059,358.2937,0.05795779,-0.002718949,-0.9983151,0.0,0.0,0.0,1.671795,-0.3673453,-2.526614,0.2280007,0.08737387,1.602268,0.1132657,-0.02880175,-0.9931472,0.2553739,0.9668418,0.001085821,0.9601849,-0.2537468,0.1168652,static,83.10898,-63.08478,8.098745,3.121327
1935,05/05/2023 15:40:08.693480,2142,True,True,True,True,Eyes,0.1321192,-0.007692656,-2.69055,0.966768,-0.2293852,0.1128807,0.0,0.0,0.0,0.0,0.0,0.0,0.0,-2.512171,-0.01813836,0.2042289,0.08254179,-0.01010442,-2.519151,0.08363236,0.660467,-0.09583431,0.7400031,14.49925,83.26289,358.1436,0.05711347,-0.002722737,-0.9983637,0.0,0.0,0.0,1.671795,-0.3673453,-2.526614,0.2244701,0.08038855,1.605331,0.1091981,-0.03136255,-0.9935251,0.2523082,0.9676428,-0.002814384,0.9614658,-0.2503672,0.1135778,static,83.34025,-63.79814,7.959939,2.866749
1936,05/05/2023 15:40:08.713222,2143,True,True,True,True,Eyes,0.1306184,-0.007973966,-2.682873,0.967337,-0.2288725,0.1089794,0.0,0.0,0.0,0.0,0.0,0.0,0.0,-2.503733,-0.01979463,0.1953692,0.08378234,-0.01137401,-2.509998,0.08212116,0.661598,-0.09476695,0.7392994,14.28939,83.41742,358.1396,0.05630663,-0.002736043,-0.9984095,0.0,0.0,0.0,1.671795,-0.3673453,-2.526614,0.2197167,0.07863379,1.608101,0.1066146,-0.03145989,-0.9938027,0.2487847,0.9685507,-0.00397099,0.9626732,-0.2468195,0.1110884,static,83.5722,-64.53817,7.780213,2.799451
1937,05/05/2023 15:40:08.723919,2144,True,True,True,True,Eyes,0.129256,-0.008245544,-2.675138,0.9678652,-0.2284347,0.1051409,0.0,0.0,0.0,0.0,0.0,0.0,0.0,-2.495157,-0.01969856,0.187093,0.08550182,-0.01251253,-2.500747,0.08219744,0.662388,-0.09482998,0.738575,14.3028,83.54301,358.1558,0.05554001,-0.002759279,-0.9984524,0.0,0.0,0.0,1.671795,-0.3673453,-2.526614,0.2138503,0.07564657,1.610782,0.1044989,-0.03118493,-0.994036,0.2489713,0.9685017,-0.004210529,0.9628569,-0.2470464,0.1089715,static,83.80017,-65.28495,7.562466,2.688785
1938,05/05/2023 15:40:08.743511,2145,True,True,True,True,Eyes,0.1280421,-0.008527664,-2.66735,0.9684065,-0.2279421,0.1011501,0.0,0.0,0.0,0.0,0.0,0.0,0.0,-2.486658,-0.02362662,0.1786253,0.08745638,-0.01253926,-2.491611,0.08228041,0.6632216,-0.09571753,0.7377027,14.38054,83.67393,358.1021,0.05481265,-0.002791207,-0.9984925,0.0,0.0,0.0,1.671795,-0.3673453,-2.526614,0.2088021,0.06798712,1.613335,0.1019505,-0.03208189,-0.9942722,0.2503625,0.9681361,-0.005566896,0.9627694,-0.2483608,0.1067341,static,84.03708,-66.07059,7.374383,2.413059
1939,05/05/2023 15:40:08.763608,2146,True,True,True,True,Eyes,0.1269536,-0.008811404,-2.659503,0.968913,-0.2274963,0.09722654,0.0,0.0,0.0,0.0,0.0,0.0,0.0,-2.478137,-0.02850351,0.1690328,0.08977808,-0.01309222,-2.482402,0.08041091,0.6643878,-0.09496362,0.7369567,14.16434,83.82793,358.0425,0.05412689,-0.002831393,-0.9985298,0.0,0.0,0.0,1.671795,-0.3673453,-2.526614,0.2058579,0.0680055,1.615517,0.09914176,-0.03312008,-0.9945221,0.2468162,0.969032,-0.007666611,0.9639776,-0.244704,0.1042461,static,84.26978,-66.85928,7.261804,2.410454
1940,05/05/2023 15:40:08.773595,2147,True,True,True,True,Eyes,0.1259948,-0.009097668,-2.651595,0.9694052,-0.2271079,0.09314349,0.0,0.0,0.0,0.0,0.0,0.0,0.0,-2.469355,-0.03483545,0.160727,0.09169443,-0.01341154,-2.47309,0.07983687,0.6652769,-0.09597223,0.7360855,14.19541,83.9567,357.9275,0.05348365,-0.002879108,-0.9985644,0.0,0.0,0.0,1.671795,-0.3673453,-2.526614,0.204089,0.07268078,1.617074,0.0963918,-0.03506029,-0.9947258,0.2475148,0.9688308,-0.01016269,0.9640773,-0.2452298,0.1020653,static,84.5117,-67.70005,7.193202,2.573476
1941,05/05/2023 15:40:08.793685,2148,True,True,True,True,Eyes,0.1251542,-0.009350726,-2.643639,0.9698526,-0.2267657,0.08923624,0.0,0.0,0.0,0.0,0.0,0.0,0.0,-2.460449,-0.03902604,0.1530955,0.09385423,-0.01375324,-2.463691,0.07896405,0.6660637,-0.09609224,0.7354524,14.13194,84.06637,357.8635,0.052883,-0.002933792,-0.9985961,0.0,0.0,0.0,1.671795,-0.3673453,-2.526614,0.2012461,0.07736831,1.618604,0.094251,-0.03615239,-0.9948919,0.2465327,0.9690619,-0.01185849,0.9645407,-0.2441557,0.1002478,static,84.74301,-68.5195,7.087391,2.736621
1942,05/05/2023 15:40:08.813865,2149,True,True,True,True,Eyes,0.1244433,-0.009602384,-2.635651,0.9702752,-0.2264851,0.08526696,0.0,0.0,0.0,0.0,0.0,0.0,0.0,-2.451502,-0.04164754,0.1513617,0.09585224,-0.01320275,-2.454616,0.07900022,0.6659131,-0.09665556,0.7355111,14.17826,84.042,357.8148,0.05232384,-0.002993701,-0.9986255,0.0,0.0,0.0,1.671795,-0.3673453,-2.526614,0.1957597,0.07517856,1.620412,0.09443488,-0.03696791,-0.9948445,0.247397,0.9688333,-0.01251733,0.9643013,-0.2449395,0.1006374,static,84.9778,-69.36968,6.888442,2.656317
1943,05/05/2023 15:40:08.823688,2150,True,True,True,True,Eyes,0.1238198,-0.009812329,-2.627634,0.9706228,-0.2263737,0.08152453,0.0,0.0,0.0,0.0,0.0,0.0,0.0,-2.442627,-0.0436512,0.148644,0.09822872,-0.01340906,-2.445527,0.07831263,0.6659098,-0.09647554,0.7356112,14.10522,84.03055,357.7758,0.05180834,-0.003058181,-0.9986521,0.0,0.0,0.0,1.671795,-0.3673453,-2.526614,0.1917348,0.0778522,1.622338,0.09451328,-0.03763867,-0.9948118,0.2462353,0.9691193,-0.01327273,0.9645908,-0.2437033,0.1008626,static,85.19888,-70.1944,6.740192,2.747382
1944,05/05/2023 15:40:08.843282,2151,True,True,True,True,Eyes,0.1233098,-0.009875752,-2.619519,0.9708501,-0.2268039,0.07752509,0.0,0.0,0.0,0.0,0.0,0.0,0.0,-2.433836,-0.0455364,0.1509013,0.09971484,-0.01258069,-2.436863,0.07956097,0.6650999,-0.09814627,0.7359889,14.33945,83.91956,357.7145,0.05133528,-0.003125272,-0.9986764,0.0,0.0,0.0,1.671795,-0.3673453,-2.526614,0.1864202,0.08283406,1.62369,0.09601907,-0.03863716,-0.9946294,0.2503011,0.9680747,-0.01344217,0.9633949,-0.2476661,0.1026246,static,85.43446,-71.12877,6.549603,2.920466
1945,05/05/2023 15:40:08.863539,2152,True,True,True,True,Eyes,0.1229328,-0.009938519,-2.611383,0.9711889,-0.2266565,0.07361224,0.0,0.0,0.0,0.0,0.0,0.0,0.0,-2.424439,-0.05992544,0.1527143,0.1021399,-0.009082003,-2.427819,0.08176105,0.6642116,-0.1036037,0.7358019,14.94842,83.80406,357.3987,0.05090385,-0.003189331,-0.9986974,0.0,0.0,0.0,1.671795,-0.3673453,-2.526614,0.1795247,0.08104712,1.625309,0.09617853,-0.04385029,-0.9943978,0.2610768,0.9651628,-0.01730965,0.9605148,-0.2579494,0.1042763,static,85.6655,-72.00753,6.303097,2.854727
1946,05/05/2023 15:40:08.874264,2153,True,True,True,True,Eyes,0.1225815,-0.01004066,-2.603191,0.9715263,-0.2264878,0.06956834,0.0,0.0,0.0,0.0,0.0,0.0,0.0,-2.416059,-0.07155158,0.1447964,0.1049118,-0.00927245,-2.419159,0.07509441,0.6656235,-0.0999632,0.7357402,14.09768,83.9268,357.215,0.0505158,-0.003250558,-0.9987163,0.0,0.0,0.0,1.671795,-0.3673453,-2.526614,0.1722392,0.07613651,1.626739,0.0939056,-0.0471247,-0.9944653,0.2470631,0.9687364,-0.02257573,0.9644386,-0.2435756,0.1026125,static,85.9042,-72.92506,6.04396,2.679667
1947,05/05/2023 15:40:08.899990,2154,True,True,True,True,Eyes,0.1222944,-0.01013363,-2.594989,0.9717635,-0.2265996,0.06579071,0.0,0.0,0.0,0.0,0.0,0.0,0.0,-2.407603,-0.06585416,0.1485348,0.1053121,-0.01037411,-2.410757,0.07497898,0.6648164,-0.09870878,0.7366505,13.98767,83.80014,357.2986,0.05016786,-0.003310778,-0.9987332,0.0,0.0,0.0,1.671795,-0.3673453,-2.526614,0.1675954,0.07251216,1.628009,0.09655134,-0.04573322,-0.9942769,0.2451223,0.9692695,-0.02077983,0.9646726,-0.241713,0.1047945,static,86.12685,-73.80993,5.877609,2.550291
1948,05/05/2023 15:40:08.913422,2155,True,True,True,True,Eyes,0.1221097,-0.01017611,-2.586789,0.9719764,-0.2267921,0.06186385,0.0,0.0,0.0,0.0,0.0,0.0,0.0,-2.399031,-0.06222437,0.1528986,0.1065948,-0.01017774,-2.402318,0.07798605,0.6634851,-0.100833,0.7372507,14.4061,83.63287,357.3256,0.04985853,-0.003369772,-0.9987482,0.0,0.0,0.0,1.671795,-0.3673453,-2.526614,0.1644904,0.07180896,1.628607,0.0992407,-0.04519327,-0.9940368,0.2521636,0.9675018,-0.01881183,0.9625825,-0.248793,0.1074117,static,86.35818,-74.74219,5.767354,2.524665
1949,05/05/2023 15:40:08.923346,2156,True,True,True,True,Eyes,0.1220142,-0.01019323,-2.578619,0.9722229,-0.2267372,0.05807731,0.0,0.0,0.0,0.0,0.0,0.0,0.0,-2.390875,-0.06594859,0.155364,0.1089174,-0.009039846,-2.394332,0.07689285,0.6627803,-0.1005674,0.7380353,14.28867,83.50486,357.2486,0.04958789,-0.003425742,-0.9987614,0.0,0.0,0.0,1.671795,-0.3673453,-2.526614,0.161548,0.06991415,1.629179,0.101217,-0.04651839,-0.9937763,0.2503706,0.9679474,-0.01980885,0.9628447,-0.2468074,0.1096196,static,86.58141,-75.63294,5.662887,2.457267
1950,05/05/2023 15:40:08.943643,2157,True,True,True,True,Eyes,0.1219815,-0.01018717,-2.570434,0.9724472,-0.226793,0.05395756,0.0,0.0,0.0,0.0,0.0,0.0,0.0,-2.383569,-0.07082476,0.1517742,0.1109471,-0.00851046,-2.386854,0.07414546,0.6632232,-0.0989323,0.7381395,13.92714,83.53568,357.183,0.04935554,-0.003478021,-0.9987727,0.0,0.0,0.0,1.671795,-0.3673453,-2.526614,0.1583009,0.06930691,1.629661,0.1006948,-0.04770169,-0.9937732,0.2444016,0.9694297,-0.02176899,0.9644316,-0.2406878,0.109275,static,86.82412,-76.61725,5.548151,2.435231
1951,05/05/2023 15:40:08.963545,2158,True,True,True,True,Eyes,0.1220355,-0.01014683,-2.562272,0.9726526,-0.2268605,0.04981058,0.0,0.0,0.0,0.0,0.0,0.0,0.0,-2.376208,-0.07734202,0.1438885,0.1125326,-0.007955867,-2.379143,0.07473668,0.6640581,-0.1010276,0.7370446,14.14312,83.67179,357.0642,0.04916018,-0.003526091,-0.9987822,0.0,0.0,0.0,1.671795,-0.3673453,-2.526614,0.1557512,0.06884481,1.629675,0.09764066,-0.04966464,-0.9939818,0.2481826,0.9684157,-0.02400779,0.9637799,-0.2443449,0.1068827,static,87.06838,-77.61637,5.459287,2.418993
1952,05/05/2023 15:40:08.973858,2159,True,True,True,True,Eyes,0.1221688,-0.01006949,-2.55411,0.9728648,-0.2268999,0.04528175,0.0,0.0,0.0,0.0,0.0,0.0,0.0,-2.369179,-0.08452443,0.1300101,0.1146416,-0.007096723,-2.371468,0.07409675,0.6659021,-0.1017483,0.7353444,14.15123,83.95177,356.9876,0.04900151,-0.00356904,-0.9987899,0.0,0.0,0.0,1.671795,-0.3673453,-2.526614,0.1555313,0.06766307,1.629589,0.09244351,-0.05095777,-0.9944131,0.2483225,0.9683139,-0.02653555,0.9642562,-0.2444821,0.1021683,static,87.33511,-78.71392,5.451912,2.377644
1953,05/05/2023 15:40:08.993451,2160,True,True,True,True,Eyes,0.1223883,-0.009974856,-2.545978,0.9730756,-0.2268535,0.04076025,0.0,0.0,0.0,0.0,0.0,0.0,0.0,-2.362093,-0.08811046,0.1175456,0.1167247,-0.006179793,-2.363769,0.072844,0.6675908,-0.1008399,0.7340624,13.98003,84.2018,357.0,0.04887908,-0.003605929,-0.9987959,0.0,0.0,0.0,1.671795,-0.3673453,-2.526614,0.1569168,0.06610346,1.629006,0.08830774,-0.05078561,-0.9947976,0.2453055,0.9690502,-0.0276955,0.9654154,-0.2415837,0.09803259,static,87.60139,-79.81398,5.50214,2.323732
1954,05/05/2023 15:40:09.013290,2161,True,True,True,True,Eyes,0.1226964,-0.00987342,-2.537865,0.9732023,-0.2271778,0.03560288,0.0,0.0,0.0,0.0,0.0,0.0,0.0,-2.355283,-0.09075043,0.1045418,0.118986,-0.005688022,-2.356339,0.07197747,0.6692896,-0.1001459,0.7326947,13.8587,84.45935,357.0241,0.04879271,-0.00363667,-0.9988002,0.0,0.0,0.0,1.671795,-0.3673453,-2.526614,0.1602439,0.06468703,1.628012,0.08404454,-0.05040519,-0.9951863,0.2431003,0.9695801,-0.02857819,0.9663534,-0.2395282,0.09374147,static,87.90487,-81.09316,5.62147,2.27538
1955,05/05/2023 15:40:09.023591,2162,True,True,True,True,Eyes,0.1230868,-0.009761248,-2.529794,0.9732634,-0.2276784,0.03034387,0.0,0.0,0.0,0.0,0.0,0.0,0.0,-2.348553,-0.09406954,0.0878346,0.1214417,-0.005416607,-2.348933,0.07185695,0.6714686,-0.1003208,0.7306863,13.87086,84.80334,357.0415,0.04874239,-0.00366159,-0.9988028,0.0,0.0,0.0,1.671795,-0.3673453,-2.526614,0.1636928,0.06374092,1.627047,0.07813142,-0.05010674,-0.9956832,0.2431055,0.9695446,-0.02971479,0.9668482,-0.2397343,0.08793312,static,88.21424,-82.40864,5.745043,2.243463
1956,05/05/2023 15:40:09.043304,2163,True,True,True,True,Eyes,0.1235565,-0.009628337,-2.521744,0.9731657,-0.2288096,0.02438593,0.0,0.0,0.0,0.0,0.0,0.0,0.0,-2.342075,-0.09785044,0.06714678,0.1237723,-0.004999426,-2.341806,0.07342739,0.6741471,-0.1020901,0.727813,14.15408,85.25155,357.0677,0.04872786,-0.003680824,-0.9988036,0.0,0.0,0.0,1.671795,-0.3673453,-2.526614,0.1669908,0.06277086,1.625753,0.07020645,-0.04960325,-0.9962985,0.2476067,0.968372,-0.03076468,0.9663137,-0.2445303,0.08026802,static,88.56457,-83.91653,5.864625,2.21111
1957,05/05/2023 15:40:09.063446,2164,True,True,True,True,Eyes,0.1241074,-0.009472159,-2.513726,0.9730102,-0.2300389,0.0182585,0.0,0.0,0.0,0.0,0.0,0.0,0.0,-2.335362,-0.100626,0.03988647,0.1261557,-0.004294439,-2.334459,0.07538459,0.6778253,-0.1035739,0.7239769,14.45168,85.87006,357.1721,0.04874881,-0.003694094,-0.9988027,0.0,0.0,0.0,1.671795,-0.3673453,-2.526614,0.1720417,0.06226586,1.624459,0.05965047,-0.04777506,-0.9970755,0.2521654,0.9671792,-0.03125665,0.9658439,-0.2495634,0.06973996,static,88.92497,-85.46187,6.045493,2.195084
2259,05/05/2023 15:40:14.093768,2466,True,True,True,True,Eyes,1.820352,-0.01920952,-1.95287,-0.8075693,-0.3030159,-0.5059775,0.0,0.0,0.0,0.0,0.0,0.0,0.0,2.676723,0.3513161,0.8997922,1.976087,-0.01473402,-2.047622,0.08278283,-0.835135,0.09067659,0.5361665,13.89983,245.1065,357.5773,0.6769605,-0.007661201,-0.7359787,0.0,0.0,0.0,0.805141,-0.3581622,-2.544167,0.08471099,-0.04540649,1.221382,-0.4113452,-0.04103416,0.9105557,-0.2355052,0.9698495,-0.06268361,-0.8805298,-0.2402251,-0.4086067,static,57.93106,30.91622,3.96749,-2.129066
2260,05/05/2023 15:40:14.113677,2467,True,True,True,True,Eyes,1.826925,-0.01908436,-1.957375,-0.8113176,-0.3018072,-0.5006757,0.0,0.0,0.0,0.0,0.0,0.0,0.0,2.679096,0.3530392,0.9214735,1.983978,-0.01418379,-2.05303,0.08205934,-0.8337441,0.08848874,0.5388014,13.64947,245.4518,357.5537,0.6774496,-0.007614585,-0.7355292,0.0,0.0,0.0,0.805141,-0.3581622,-2.544167,0.0837521,-0.04787208,1.223433,-0.4059189,-0.04147729,0.9129676,-0.2321887,0.970872,-0.05912653,-0.8839222,-0.2359813,-0.4037259,static,58.32068,31.08157,3.916167,-2.240801
2261,05/05/2023 15:40:14.124701,2468,True,True,True,True,Eyes,1.833508,-0.01893269,-1.961903,-0.8150843,-0.3004487,-0.4953466,0.0,0.0,0.0,0.0,0.0,0.0,0.0,2.681496,0.3525816,0.9414926,1.991226,-0.01344578,-2.05815,0.08117146,-0.8324531,0.08684586,0.541194,13.44131,245.7716,357.5756,0.6779362,-0.007565956,-0.7350812,0.0,0.0,0.0,0.805141,-0.3581622,-2.544167,0.08234513,-0.0496105,1.225687,-0.4010405,-0.04114194,0.9151359,-0.2291438,0.9717379,-0.05673117,-0.8869383,-0.2324492,-0.3991337,static,58.71193,31.23858,3.843517,-2.317819
2262,05/05/2023 15:40:14.143622,2469,True,True,True,True,Eyes,1.840095,-0.01877489,-1.966424,-0.8187742,-0.2989335,-0.4901506,0.0,0.0,0.0,0.0,0.0,0.0,0.0,2.682477,0.3471855,0.9661939,1.998141,-0.01269593,-2.063255,0.07928221,-0.8308255,0.08494258,0.5442685,13.14678,246.1907,357.6884,0.6784217,-0.007514407,-0.7346336,0.0,0.0,0.0,0.805141,-0.3581622,-2.544167,0.07983786,-0.05075578,1.228114,-0.3949724,-0.03927621,0.9178531,-0.2242025,0.9729982,-0.05484331,-0.8909154,-0.2274465,-0.3931133,static,59.09359,31.37822,3.719479,-2.366586
2263,05/05/2023 15:40:14.164065,2470,True,True,True,True,Eyes,1.846701,-0.01860194,-1.970954,-0.8224223,-0.297522,-0.4848734,0.0,0.0,0.0,0.0,0.0,0.0,0.0,2.682666,0.3390935,0.9933419,2.005149,-0.01240699,-2.068244,0.07709154,-0.8288717,0.08429565,0.5476521,12.95462,246.6703,357.9143,0.6789054,-0.00746012,-0.7341871,0.0,0.0,0.0,0.805141,-0.3581622,-2.544167,0.07627258,-0.05226307,1.230629,-0.3882681,-0.0354686,0.9208637,-0.2201274,0.9739023,-0.05530187,-0.8948698,-0.2241792,-0.3859428,static,59.47779,31.5336,3.546571,-2.431809
2264,05/05/2023 15:40:14.182483,2471,True,True,True,True,Eyes,1.8533,-0.01839861,-1.975466,-0.8258918,-0.2962379,-0.4797352,0.0,0.0,0.0,0.0,0.0,0.0,0.0,2.682843,0.3360971,1.018056,2.012273,-0.01184737,-2.073081,0.07630302,-0.826814,0.08545515,0.5506849,13.02339,247.1145,358.1143,0.6793866,-0.007402937,-0.7337424,0.0,0.0,0.0,0.805141,-0.3581622,-2.544167,0.07241836,-0.05397243,1.23324,-0.3818479,-0.03205908,0.923669,-0.2202945,0.9737506,-0.05727318,-0.897587,-0.2253489,-0.3788871,static,59.84901,31.69546,3.360667,-2.505937
2265,05/05/2023 15:40:14.193973,2472,True,True,True,True,Eyes,1.8599,-0.01817442,-1.97998,-0.8293144,-0.2949491,-0.4745975,0.0,0.0,0.0,0.0,0.0,0.0,0.0,2.683302,0.3359825,1.039513,2.019007,-0.01089827,-2.077756,0.0760424,-0.8250358,0.08607693,0.5532851,13.07224,247.4894,358.2219,0.6798674,-0.00734187,-0.7332975,0.0,0.0,0.0,0.805141,-0.3581622,-2.544167,0.06933627,-0.05407558,1.236026,-0.3761864,-0.03022523,0.926051,-0.2207255,0.9736166,-0.05788684,-0.8998689,-0.2261793,-0.3729329,static,60.21849,31.8598,3.210706,-2.505067
2266,05/05/2023 15:40:14.213657,2473,True,True,True,True,Eyes,1.866507,-0.01794203,-1.984533,-0.8326408,-0.2936954,-0.4695235,0.0,0.0,0.0,0.0,0.0,0.0,0.0,2.683716,0.3393032,1.059404,2.025671,-0.01018851,-2.082388,0.07605112,-0.8235007,0.08517043,0.555706,12.99111,247.8188,358.2006,0.6803463,-0.007276726,-0.7328539,0.0,0.0,0.0,0.805141,-0.3581622,-2.544167,0.06749788,-0.05304323,1.238894,-0.3708147,-0.0305969,0.928203,-0.2199157,0.9739245,-0.05575168,-0.9022938,-0.2247999,-0.3678742,static,60.58148,32.02672,3.118527,-2.451621
2267,05/05/2023 15:40:14.224357,2474,True,True,True,True,Eyes,1.873106,-0.01771525,-1.989084,-0.8358992,-0.2924402,-0.4644901,0.0,0.0,0.0,0.0,0.0,0.0,0.0,2.683627,0.3467426,1.078678,2.032151,-0.009822596,-2.087077,0.0766231,-0.8219633,0.0836985,0.5581219,12.8926,248.1377,358.0873,0.6808225,-0.007207667,-0.7324121,0.0,0.0,0.0,0.805141,-0.3581622,-2.544167,0.06633562,-0.05308773,1.24172,-0.3652579,-0.0325348,0.9303377,-0.2193906,0.9742469,-0.05206412,-0.9046848,-0.2231242,-0.3629891,static,60.94007,32.19427,3.057969,-2.448097
2268,05/05/2023 15:40:14.244244,2475,True,True,True,True,Eyes,1.879673,-0.01747926,-1.99362,-0.8389679,-0.2913338,-0.4596276,0.0,0.0,0.0,0.0,0.0,0.0,0.0,2.68401,0.3572282,1.095152,2.038575,-0.009753127,-2.091649,0.07771029,-0.820639,0.08212958,0.5601495,12.81808,248.3985,357.9115,0.6812962,-0.007135318,-0.7319722,0.0,0.0,0.0,0.805141,-0.3581622,-2.544167,0.0639134,-0.0533721,1.244661,-0.3603873,-0.0355345,0.9321257,-0.2195539,0.9744317,-0.04773873,-0.9065965,-0.2218562,-0.3589746,static,61.28392,32.36847,2.93956,-2.455388
2269,05/05/2023 15:40:14.263823,2476,True,True,True,True,Eyes,1.886219,-0.01725326,-1.998163,-0.8419978,-0.290165,-0.454801,0.0,0.0,0.0,0.0,0.0,0.0,0.0,2.683651,0.371281,1.111361,2.044641,-0.00931247,-2.096263,0.07940537,-0.8192562,0.08011643,0.5622237,12.74186,248.658,357.6485,0.6817673,-0.007059691,-0.7315341,0.0,0.0,0.0,0.805141,-0.3581622,-2.544167,0.06007907,-0.0502298,1.247663,-0.3551987,-0.04001997,0.9339336,-0.2201933,0.9745523,-0.04198461,-0.908487,-0.2205589,-0.3549718,static,61.62452,32.53806,2.75685,-2.305432
2270,05/05/2023 15:40:14.274563,2477,True,True,True,True,Eyes,1.892723,-0.01704769,-2.002681,-0.8448933,-0.2890491,-0.4501176,0.0,0.0,0.0,0.0,0.0,0.0,0.0,2.68304,0.3843811,1.128371,2.050683,-0.009366108,-2.101019,0.0807143,-0.8178781,0.07748187,0.5644087,12.58297,248.9297,357.3828,0.6822346,-0.006981653,-0.7310991,0.0,0.0,0.0,0.805141,-0.3581622,-2.544167,0.05565763,-0.04957157,1.250962,-0.349856,-0.04456602,0.9357429,-0.2194918,0.9749635,-0.03562972,-0.9107273,-0.2178531,-0.3508787,static,61.95351,32.7071,2.547515,-2.269258
2271,05/05/2023 15:40:14.293571,2478,True,True,True,True,Eyes,1.899191,-0.01685236,-2.007208,-0.8477386,-0.2879753,-0.4454319,0.0,0.0,0.0,0.0,0.0,0.0,0.0,2.683044,0.3949341,1.144316,2.056597,-0.009637013,-2.105818,0.08172906,-0.8165665,0.07565845,0.5664058,12.48265,249.187,357.1957,0.6826981,-0.006902209,-0.7306672,0.0,0.0,0.0,0.805141,-0.3581622,-2.544167,0.05248523,-0.04439579,1.254897,-0.3450099,-0.04776764,0.9373829,-0.2191812,0.9751924,-0.03097667,-0.912649,-0.2161439,-0.3469208,static,62.28098,32.88299,2.394962,-2.026167
2272,05/05/2023 15:40:14.313973,2479,True,True,True,True,Eyes,1.905612,-0.01667718,-2.011747,-0.850575,-0.2869844,-0.4406385,0.0,0.0,0.0,0.0,0.0,0.0,0.0,2.682268,0.4046347,1.161576,2.062214,-0.00969238,-2.110623,0.08280525,-0.8149948,0.0748035,0.5686224,12.48,249.4866,357.0704,0.683157,-0.006821909,-0.7302389,0.0,0.0,0.0,0.805141,-0.3581622,-2.544167,0.04843819,-0.04303274,1.25848,-0.339624,-0.04990179,0.9392366,-0.2200415,0.9750955,-0.02775911,-0.9144601,-0.2160987,-0.3421462,static,62.61368,33.07588,2.204195,-1.958421
2273,05/05/2023 15:40:14.323888,2480,True,True,True,True,Eyes,1.911985,-0.01652469,-2.016288,-0.8534141,-0.2859702,-0.4357815,0.0,0.0,0.0,0.0,0.0,0.0,0.0,2.680983,0.4071533,1.181606,2.067531,-0.01002458,-2.115384,0.08249815,-0.8133395,0.0736182,0.571186,12.35668,249.8403,357.0602,0.6836109,-0.006741575,-0.7298148,0.0,0.0,0.0,0.805141,-0.3581622,-2.544167,0.04403934,-0.04371208,1.262111,-0.3338813,-0.0500986,0.9412829,-0.2182973,0.9755489,-0.02550961,-0.9169895,-0.2139967,-0.336654,static,62.94964,33.27384,1.998433,-1.983595
2274,05/05/2023 15:40:14.343745,2481,True,True,True,True,Eyes,1.918299,-0.01637015,-2.020836,-0.8562104,-0.2850638,-0.4308624,0.0,0.0,0.0,0.0,0.0,0.0,0.0,2.678847,0.4064395,1.204094,2.072818,-0.01042864,-2.120039,0.08170871,-0.8114381,0.07305465,0.574069,12.26136,250.2495,357.1418,0.6840588,-0.006662078,-0.7293957,0.0,0.0,0.0,0.805141,-0.3581622,-2.544167,0.03953332,-0.04545541,1.265712,-0.3275375,-0.04872631,0.9435811,-0.2164799,0.9759734,-0.02474578,-0.9197043,-0.2123715,-0.3302161,static,63.28753,33.48911,1.788998,-2.056775
2275,05/05/2023 15:40:14.363701,2482,True,True,True,True,Eyes,1.924539,-0.01621454,-2.025407,-0.8590583,-0.2841049,-0.4257971,0.0,0.0,0.0,0.0,0.0,0.0,0.0,2.674642,0.407866,1.229838,2.077785,-0.01019822,-2.124917,0.08159087,-0.8089289,0.07381437,0.5775193,12.33703,250.752,357.2574,0.6845002,-0.006583286,-0.7289823,0.0,0.0,0.0,0.805141,-0.3581622,-2.544167,0.03698671,-0.04227356,1.26983,-0.3196289,-0.04674396,0.9463893,-0.2172608,0.9757888,-0.02518053,-0.9222989,-0.2136617,-0.322046,static,63.63443,33.71244,1.6684,-1.906714
2276,05/05/2023 15:40:14.373613,2483,True,True,True,True,Eyes,1.93072,-0.01606686,-2.03002,-0.861896,-0.283189,-0.4206413,0.0,0.0,0.0,0.0,0.0,0.0,0.0,2.670243,0.4002106,1.258301,2.082324,-0.01003124,-2.130143,0.07970076,-0.8064238,0.07356066,0.5813068,12.19874,251.3019,357.4772,0.6849319,-0.006505424,-0.7285774,0.0,0.0,0.0,0.805141,-0.3581622,-2.544167,0.03539976,-0.04026531,1.273976,-0.3114609,-0.04302256,0.9492848,-0.2140678,0.9764732,-0.02598094,-0.9258334,-0.2113033,-0.3133429,static,63.98569,33.94968,1.59166,-1.810289
2277,05/05/2023 15:40:14.393686,2484,True,True,True,True,Eyes,1.936838,-0.01592756,-2.034648,-0.8646885,-0.2823621,-0.4154342,0.0,0.0,0.0,0.0,0.0,0.0,0.0,2.668489,0.385941,1.282772,2.086976,-0.01009119,-2.13535,0.07682856,-0.8044513,0.07389663,0.5843756,12.04536,251.7611,357.8176,0.6853546,-0.006428425,-0.7281805,0.0,0.0,0.0,0.805141,-0.3581622,-2.544167,0.0362384,-0.03608449,1.278288,-0.3052052,-0.0372429,0.9515581,-0.2099764,0.9772733,-0.02909902,-0.9288486,-0.2086859,-0.3060891,static,64.33833,34.20314,1.623853,-1.616959
2278,05/05/2023 15:40:14.413854,2485,True,True,True,True,Eyes,1.942873,-0.01574795,-2.039286,-0.8673791,-0.2816766,-0.4102582,0.0,0.0,0.0,0.0,0.0,0.0,0.0,2.668249,0.3755945,1.3022,2.091635,-0.01012412,-2.1404,0.07502016,-0.8027127,0.07601967,0.5867244,12.12682,252.1337,358.1693,0.6857658,-0.006352856,-0.7277939,0.0,0.0,0.0,0.805141,-0.3581622,-2.544167,0.03855982,-0.03308205,1.282693,-0.300253,-0.03123407,0.9533481,-0.2096445,0.977186,-0.03401158,-0.9305361,-0.2100762,-0.2999511,static,64.6865,34.47285,1.721885,-1.477393
2279,05/05/2023 15:40:14.423360,2486,True,True,True,True,Eyes,1.948813,-0.01557245,-2.043951,-0.8701016,-0.2808486,-0.4050274,0.0,0.0,0.0,0.0,0.0,0.0,0.0,2.667239,0.3712484,1.320322,2.095745,-0.008928094,-2.145464,0.07439898,-0.8009313,0.07776542,0.5890048,12.25202,252.488,358.3834,0.6861666,-0.006276849,-0.7274167,0.0,0.0,0.0,0.805141,-0.3581622,-2.544167,0.04275915,-0.03410135,1.286902,-0.2950764,-0.02756851,0.9550759,-0.2107853,0.9768347,-0.03692679,-0.9319333,-0.2122122,-0.2940519,static,65.03828,34.73768,1.903033,-1.517913
2280,05/05/2023 15:40:14.443764,2487,True,True,True,True,Eyes,1.95468,-0.01543118,-2.048613,-0.8726847,-0.2801146,-0.3999465,0.0,0.0,0.0,0.0,0.0,0.0,0.0,2.664508,0.3620426,1.342805,2.09944,-0.008884851,-2.150832,0.07222219,-0.7990677,0.07656398,0.5919567,11.99723,252.9102,358.5486,0.6865546,-0.006200881,-0.7270513,0.0,0.0,0.0,0.805141,-0.3581622,-2.544167,0.04726148,-0.02998316,1.291661,-0.2887422,-0.0247757,0.9570861,-0.2060659,0.9778438,-0.03685477,-0.9349676,-0.2078644,-0.2874502,static,65.37828,35.00664,2.0955,-1.32976
2281,05/05/2023 15:40:14.463892,2488,True,True,True,True,Eyes,1.960468,-0.01528162,-2.053307,-0.8751367,-0.279624,-0.3949004,0.0,0.0,0.0,0.0,0.0,0.0,0.0,2.664738,0.3566519,1.358778,2.10378,-0.009525475,-2.155997,0.07096629,-0.7976913,0.07714834,0.5938859,11.96844,253.2033,358.7357,0.6869308,-0.006125906,-0.7266966,0.0,0.0,0.0,0.805141,-0.3581622,-2.544167,0.04853505,-0.02592295,1.296267,-0.2845266,-0.02158375,0.9584252,-0.204853,0.9780239,-0.03878937,-0.9365255,-0.2073729,-0.2826954,static,65.713,35.30184,2.144277,-1.145658
2282,05/05/2023 15:40:14.473826,2489,True,True,True,True,Eyes,1.966155,-0.01512097,-2.058029,-0.8775038,-0.2790443,-0.3900276,0.0,0.0,0.0,0.0,0.0,0.0,0.0,2.665514,0.3663942,1.36933,2.107659,-0.009124622,-2.161473,0.07276156,-0.7962881,0.07929638,0.5952674,12.29298,253.4245,358.7407,0.6872941,-0.006051617,-0.7263537,0.0,0.0,0.0,0.805141,-0.3581622,-2.544167,0.04772371,-0.02848653,1.300926,-0.2807253,-0.02147324,0.9595481,-0.2102834,0.9768357,-0.03966034,-0.9364692,-0.2129107,-0.2787378,static,66.0361,35.58173,2.10092,-1.254412
2283,05/05/2023 15:40:14.493753,2490,True,True,True,True,Eyes,1.971754,-0.01497801,-2.062787,-0.8798687,-0.2783371,-0.3851747,0.0,0.0,0.0,0.0,0.0,0.0,0.0,2.665967,0.3668851,1.382219,2.111021,-0.008715543,-2.167032,0.07231291,-0.7952734,0.07720964,0.5969504,12.07196,253.644,358.6619,0.6876423,-0.005977823,-0.7260247,0.0,0.0,0.0,0.805141,-0.3581622,-2.544167,0.04604149,-0.0231137,1.306278,-0.2768421,-0.0228364,0.9606439,-0.2071977,0.977619,-0.03647112,-0.9383109,-0.20914,-0.2753776,static,66.35794,35.85284,2.01863,-1.013704
2284,05/05/2023 15:40:14.513767,2491,True,True,True,True,Eyes,1.977267,-0.01484806,-2.067618,-0.8821329,-0.2776819,-0.3804397,0.0,0.0,0.0,0.0,0.0,0.0,0.0,2.664795,0.3682073,1.398249,2.114509,-0.009035237,-2.17269,0.07183369,-0.7938978,0.07511102,0.5991032,11.84897,253.9328,358.5914,0.6879746,-0.005905082,-0.7257103,0.0,0.0,0.0,0.805141,-0.3581622,-2.544167,0.04370168,-0.02127191,1.311391,-0.2718306,-0.02405869,0.9620443,-0.2040557,0.9783965,-0.03318938,-0.9404623,-0.2053325,-0.2708675,static,66.67079,36.12561,1.908658,-0.9293064
2285,05/05/2023 15:40:14.523614,2492,True,True,True,True,Eyes,1.98268,-0.0147309,-2.072506,-0.8843742,-0.2769243,-0.3757595,0.0,0.0,0.0,0.0,0.0,0.0,0.0,2.663933,0.3750166,1.412331,2.117824,-0.009231303,-2.178668,0.07254992,-0.7924086,0.07446434,0.6010659,11.84278,254.2082,358.5092,0.6882902,-0.005833569,-0.7254105,0.0,0.0,0.0,0.805141,-0.3581622,-2.544167,0.04362422,-0.02618459,1.316445,-0.2669127,-0.02546242,0.9633844,-0.2044943,0.9783832,-0.0307978,-0.9417748,-0.2052269,-0.2663498,static,66.97997,36.38918,1.897968,-1.139485
2286,05/05/2023 15:40:14.543742,2493,True,True,True,True,Eyes,1.987987,-0.01464777,-2.077413,-0.8864972,-0.276132,-0.3713135,0.0,0.0,0.0,0.0,0.0,0.0,0.0,2.664755,0.3766346,1.42454,2.120853,-0.009455033,-2.184944,0.0722538,-0.7913488,0.07260773,0.6027227,11.65476,254.4285,358.4301,0.6885876,-0.005763808,-0.7251277,0.0,0.0,0.0,0.805141,-0.3581622,-2.544167,0.04438746,-0.03120731,1.321457,-0.2630096,-0.02683127,0.9644201,-0.2018806,0.979015,-0.02781806,-0.9434354,-0.2020141,-0.262907,static,67.2734,36.63681,1.92383,-1.352836
2287,05/05/2023 15:40:14.563589,2494,True,True,True,True,Eyes,1.993204,-0.01457707,-2.082381,-0.8885339,-0.2754068,-0.3669586,0.0,0.0,0.0,0.0,0.0,0.0,0.0,2.666726,0.3787413,1.434735,2.12396,-0.01017084,-2.191353,0.07207813,-0.7904447,0.0713293,0.6040811,11.52794,254.6123,358.3759,0.6888664,-0.005696842,-0.7248626,0.0,0.0,0.0,0.805141,-0.3581622,-2.544167,0.04507899,-0.03561772,1.326099,-0.2597814,-0.02777018,0.9652681,-0.2001249,0.9794338,-0.02568164,-0.9447029,-0.1998458,-0.2599961,static,67.5597,36.88866,1.946945,-1.538538
2288,05/05/2023 15:40:14.573675,2495,True,True,True,True,Eyes,1.998301,-0.01450143,-2.087418,-0.8904849,-0.2746969,-0.3627371,0.0,0.0,0.0,0.0,0.0,0.0,0.0,2.669917,0.3861526,1.441264,2.127028,-0.01039149,-2.197829,0.07308654,-0.7896891,0.07118709,0.6049644,11.5873,254.736,358.286,0.6891258,-0.00563285,-0.7246159,0.0,0.0,0.0,0.805141,-0.3581622,-2.544167,0.04336473,-0.04228973,1.33049,-0.2573532,-0.02929999,0.9658734,-0.2015626,0.9791815,-0.02400184,-0.945062,-0.2008609,-0.2579012,static,67.83658,37.13625,1.866784,-1.820538
2289,05/05/2023 15:40:14.593834,2496,True,True,True,True,Eyes,2.003286,-0.01444501,-2.09253,-0.8924467,-0.2738237,-0.3585519,0.0,0.0,0.0,0.0,0.0,0.0,0.0,2.671068,0.3931672,1.450581,2.129235,-0.01020856,-2.204454,0.07383348,-0.7886955,0.06948817,0.6063658,11.48727,254.9183,358.1174,0.6893643,-0.005571385,-0.7243893,0.0,0.0,0.0,0.805141,-0.3581622,-2.544167,0.03992778,-0.04625785,1.335041,-0.2537383,-0.03219377,0.9667371,-0.2007348,0.97944,-0.02006979,-0.9462149,-0.1991502,-0.2549838,static,68.11158,37.36874,1.713065,-1.984448
2290,05/05/2023 15:40:14.613908,2497,True,True,True,True,Eyes,2.008177,-0.01442176,-2.097754,-0.8943844,-0.2728667,-0.3544296,0.0,0.0,0.0,0.0,0.0,0.0,0.0,2.671888,0.3934671,1.462888,2.131544,-0.01066224,-2.21139,0.07318646,-0.7876396,0.06684544,0.6081113,11.20449,255.1464,358.0143,0.6895804,-0.005512882,-0.7241837,0.0,0.0,0.0,0.805141,-0.3581622,-2.544167,0.03691581,-0.04431918,1.340036,-0.249689,-0.03399019,0.9677294,-0.1965881,0.9803509,-0.01628922,-0.9481607,-0.1943113,-0.2514649,static,68.3824,37.59179,1.578007,-1.894261
2291,05/05/2023 15:40:14.633248,2498,True,True,True,True,Eyes,2.012977,-0.01444526,-2.103065,-0.8961836,-0.271955,-0.3505644,0.0,0.0,0.0,0.0,0.0,0.0,0.0,2.67694,0.3968079,1.467628,2.134079,-0.01147435,-2.218776,0.07319818,-0.7872904,0.06495181,0.608767,11.0341,255.2215,357.8878,0.6897731,-0.005458201,-0.7240005,0.0,0.0,0.0,0.805141,-0.3581622,-2.544167,0.03521588,-0.0431716,1.344805,-0.2480899,-0.03617541,0.9680616,-0.1943375,0.9808466,-0.0131506,-0.9490441,-0.1913932,-0.2503683,static,68.63581,37.803,1.50004,-1.838707
2292,05/05/2023 15:40:14.643766,2499,True,True,True,True,Eyes,2.017669,-0.01451441,-2.108425,-0.8978394,-0.2712173,-0.3468798,0.0,0.0,0.0,0.0,0.0,0.0,0.0,2.687274,0.4068106,1.460951,2.136675,-0.01262238,-2.226157,0.0745702,-0.7879439,0.06419799,0.6078342,11.0591,255.0713,357.6951,0.6899414,-0.005408575,-0.7238405,0.0,0.0,0.0,0.805141,-0.3581622,-2.544167,0.03461322,-0.04474137,1.349378,-0.2499539,-0.03947081,0.9674531,-0.1955577,0.9806358,-0.01051617,-0.948304,-0.1918214,-0.2528326,static,68.87598,38.02103,1.469386,-1.899062
2293,05/05/2023 15:40:14.663845,2500,True,True,True,True,Eyes,2.02225,-0.01460223,-2.113844,-0.8993529,-0.2706357,-0.3433958,0.0,0.0,0.0,0.0,0.0,0.0,0.0,2.699198,0.4186911,1.449455,2.13888,-0.01373285,-2.233136,0.07645661,-0.788953,0.06432469,0.6062754,11.19834,254.8371,357.5085,0.690085,-0.00536507,-0.7237041,0.0,0.0,0.0,0.805141,-0.3581622,-2.544167,0.03426072,-0.04637637,1.353699,-0.2531692,-0.0426444,0.9664817,-0.1986383,0.9800335,-0.008790794,-0.9468096,-0.1942058,-0.2565851,static,69.10188,38.24221,1.449788,-1.962129
2294,05/05/2023 15:40:14.674151,2501,True,True,True,True,Eyes,2.026704,-0.01472486,-2.119332,-0.9008624,-0.270131,-0.339818,0.0,0.0,0.0,0.0,0.0,0.0,0.0,2.708262,0.4269662,1.443413,2.140765,-0.01423847,-2.239944,0.07792372,-0.789307,0.06539021,0.6055133,11.39628,254.7312,357.4378,0.6902034,-0.005327714,-0.7235916,0.0,0.0,0.0,0.805141,-0.3581622,-2.544167,0.03509092,-0.04709295,1.357966,-0.254563,-0.04382219,0.9660627,-0.2022008,0.979304,-0.008858231,-0.9456809,-0.1975936,-0.2581555,static,69.33282,38.48219,1.480239,-1.986166
2295,05/05/2023 15:40:14.693540,2502,True,True,True,True,Eyes,2.031052,-0.0148927,-2.124882,-0.902334,-0.2695801,-0.3363329,0.0,0.0,0.0,0.0,0.0,0.0,0.0,2.714892,0.4260761,1.444375,2.142178,-0.01518792,-2.247052,0.07751277,-0.7892165,0.06503896,0.605722,11.33599,254.7596,357.4538,0.6902959,-0.005297076,-0.7235039,0.0,0.0,0.0,0.805141,-0.3581622,-2.544167,0.03591672,-0.04823767,1.362005,-0.2541854,-0.04355767,0.9661742,-0.2011398,0.9795235,-0.008757257,-0.9460087,-0.196562,-0.2577417,static,69.55773,38.71314,1.510567,-2.028378
2296,05/05/2023 15:40:14.713643,2503,True,True,True,True,Eyes,2.035274,-0.01510086,-2.130457,-0.903862,-0.2691366,-0.3325641,0.0,0.0,0.0,0.0,0.0,0.0,0.0,2.720517,0.4240649,1.448094,2.143994,-0.01645529,-2.254116,0.07679835,-0.7889147,0.0645358,0.6062597,11.24157,254.8357,357.4917,0.690362,-0.005274013,-0.7234413,0.0,0.0,0.0,0.805141,-0.3581622,-2.544167,0.03663254,-0.05088789,1.365827,-0.2531026,-0.04292377,0.9664868,-0.1994256,0.9798743,-0.008706995,-0.9466619,-0.194946,-0.2565687,static,69.79958,38.98246,1.536348,-2.133735
2297,05/05/2023 15:40:14.723340,2504,True,True,True,True,Eyes,2.039372,-0.01532288,-2.136083,-0.9053696,-0.2687123,-0.328785,0.0,0.0,0.0,0.0,0.0,0.0,0.0,2.724289,0.428028,1.452434,2.145341,-0.01757601,-2.260913,0.07727656,-0.7882143,0.0652883,0.607029,11.34642,254.9549,357.5123,0.6904019,-0.005259126,-0.7234037,0.0,0.0,0.0,0.805141,-0.3581622,-2.544167,0.03751263,-0.05200487,1.369544,-0.2510886,-0.04255718,0.9670283,-0.2010847,0.9795315,-0.009104123,-0.9468473,-0.1967406,-0.2545068,static,70.0415,39.25874,1.568973,-2.174613
2298,05/05/2023 15:40:14.743772,2505,True,True,True,True,Eyes,2.043334,-0.01557843,-2.141742,-0.9070604,-0.2680859,-0.3246095,0.0,0.0,0.0,0.0,0.0,0.0,0.0,2.724525,0.4319923,1.463234,2.146491,-0.01813066,-2.267809,0.07759456,-0.7868875,0.06500561,0.6087377,11.34836,255.2016,357.4879,0.6904151,-0.005252048,-0.7233914,0.0,0.0,0.0,0.805141,-0.3581622,-2.544167,0.03712118,-0.05114839,1.373182,-0.2468352,-0.04297365,0.9681042,-0.2012591,0.9795067,-0.00783471,-0.9479278,-0.1967736,-0.2504255,static,70.30924,39.55235,1.548498,-2.133172
2299,05/05/2023 15:40:14.763751,2506,True,True,True,True,Eyes,2.047175,-0.0158785,-2.147462,-0.9087858,-0.2673494,-0.3203632,0.0,0.0,0.0,0.0,0.0,0.0,0.0,2.721288,0.4301712,1.481817,2.147349,-0.01920064,-2.274812,0.0765404,-0.784987,0.06310367,0.6115184,11.10939,255.5942,357.4891,0.6904015,-0.005253114,-0.7234046,0.0,0.0,0.0,0.805141,-0.3581622,-2.544167,0.03532383,-0.05311087,1.37645,-0.2403733,-0.04298833,0.969728,-0.1973445,0.980319,-0.005459389,-0.950408,-0.1926828,-0.2441261,static,70.58154,39.84566,1.470059,-2.209684
2300,05/05/2023 15:40:14.773843,2507,True,True,True,True,Eyes,2.050886,-0.01619135,-2.15324,-0.9105781,-0.266687,-0.3157934,0.0,0.0,0.0,0.0,0.0,0.0,0.0,2.718579,0.4291511,1.499503,2.148294,-0.0206021,-2.28205,0.07562561,-0.7831301,0.06148284,0.6141728,10.90566,255.9717,357.4944,0.6903607,-0.005262983,-0.7234436,0.0,0.0,0.0,0.805141,-0.3581622,-2.544167,0.03195676,-0.05445676,1.379791,-0.2341455,-0.04292721,0.9712535,-0.1939715,0.9810013,-0.003403745,-0.9526548,-0.1891925,-0.2380237,static,70.87318,40.18103,1.326767,-2.260143
2301,05/05/2023 15:40:14.793466,2508,True,True,True,True,Eyes,2.054463,-0.01650622,-2.159078,-0.9123532,-0.2660298,-0.3111911,0.0,0.0,0.0,0.0,0.0,0.0,0.0,2.715915,0.4390794,1.513085,2.148882,-0.02121624,-2.289161,0.07682742,-0.781296,0.06091534,0.6164119,10.94697,256.2926,357.3758,0.6902924,-0.005281171,-0.723509,0.0,0.0,0.0,0.805141,-0.3581622,-2.544167,0.02626529,-0.05248684,1.383122,-0.2282682,-0.04495203,0.9725602,-0.1951478,0.9807737,-0.0004711638,-0.9538402,-0.1899005,-0.2326516,static,71.16619,40.52633,1.087908,-2.173223
2302,05/05/2023 15:40:14.823239,2509,True,True,True,True,Eyes,2.057916,-0.0168161,-2.164993,-0.9141647,-0.2654381,-0.3063421,0.0,0.0,0.0,0.0,0.0,0.0,0.0,2.712635,0.4488757,1.527652,2.149253,-0.02158694,-2.296485,0.07791652,-0.7793997,0.05956118,0.6188035,10.91041,256.6294,357.2131,0.6901959,-0.005306882,-0.7236009,0.0,0.0,0.0,0.805141,-0.3581622,-2.544167,0.01974297,-0.05578013,1.385751,-0.2220227,-0.04774287,0.9738721,-0.1951696,0.980763,0.003586087,-0.9553089,-0.189274,-0.2270697,static,71.47369,40.90814,0.8162445,-2.305061
2303,05/05/2023 15:40:14.823707,2510,True,True,True,True,Eyes,2.061246,-0.01712769,-2.170969,-0.9159379,-0.2648773,-0.3014927,0.0,0.0,0.0,0.0,0.0,0.0,0.0,2.709038,0.4611556,1.541297,2.148841,-0.0219019,-2.30416,0.07946283,-0.7774202,0.05838026,0.6212046,10.92345,256.969,357.0215,0.6900707,-0.00533916,-0.72372,0.0,0.0,0.0,0.805141,-0.3581622,-2.544167,0.01517245,-0.05910922,1.388403,-0.2155808,-0.05101984,0.9751521,-0.1960842,0.9805548,0.007953363,-0.956596,-0.1894973,-0.2213929,static,71.78038,41.30102,0.6261029,-2.437812
2304,05/05/2023 15:40:14.844009,2511,True,True,True,True,Eyes,2.064403,-0.01739254,-2.177001,-0.9176639,-0.2644728,-0.2965586,0.0,0.0,0.0,0.0,0.0,0.0,0.0,2.706916,0.4708208,1.553868,2.14925,-0.02225593,-2.311666,0.08061624,-0.7756977,0.05744949,0.6232926,10.93072,257.2668,356.8793,0.6899168,-0.005377371,-0.7238663,0.0,0.0,0.0,0.805141,-0.3581622,-2.544167,0.01221362,-0.05665883,1.391354,-0.2100146,-0.05345198,0.976236,-0.1966833,0.9804012,0.01136816,-0.9577105,-0.1896219,-0.2164117,static,72.09089,41.72678,0.5029423,-2.331915
2305,05/05/2023 15:40:14.864080,2512,True,True,True,True,Eyes,2.067414,-0.0176424,-2.183098,-0.9194177,-0.2638453,-0.2916448,0.0,0.0,0.0,0.0,0.0,0.0,0.0,2.706852,0.4850014,1.560851,2.149155,-0.02121826,-2.319312,0.08292593,-0.7743183,0.05744935,0.6247032,11.10318,257.4699,356.6908,0.6897332,-0.00541934,-0.7240408,0.0,0.0,0.0,0.805141,-0.3581622,-2.544167,0.009662539,-0.05438089,1.394108,-0.2057385,-0.05664454,0.9769663,-0.2001997,0.9796457,0.01464003,-0.9579101,-0.1925763,-0.212891,static,72.40067,42.13502,0.3971098,-2.233842
2306,05/05/2023 15:40:14.879335,2513,True,True,True,True,Eyes,2.070315,-0.0178851,-2.189278,-0.9211748,-0.2632811,-0.2865659,0.0,0.0,0.0,0.0,0.0,0.0,0.0,2.705016,0.4854709,1.574641,2.14868,-0.02116808,-2.327018,0.08228014,-0.772872,0.05385077,0.6268966,10.74287,257.7654,356.5182,0.6895193,-0.00546417,-0.7242438,0.0,0.0,0.0,0.805141,-0.3581622,-2.544167,0.005917281,-0.06033157,1.395794,-0.2004616,-0.05966628,0.977883,-0.1947017,0.9806601,0.01992277,-0.9601597,-0.1864017,-0.2082019,static,72.71974,42.5751,0.2428962,-2.475002
2307,05/05/2023 15:40:14.893764,2514,True,True,True,True,Eyes,2.073087,-0.01806152,-2.19552,-0.9228171,-0.2630319,-0.2814656,0.0,0.0,0.0,0.0,0.0,0.0,0.0,2.703892,0.4898724,1.586299,2.148783,-0.02126673,-2.334445,0.08280775,-0.7712389,0.05404324,0.6288188,10.80707,258.0532,356.5119,0.6892752,-0.005511308,-0.7244753,0.0,0.0,0.0,0.805141,-0.3581622,-2.544167,0.004990816,-0.05988817,1.39824,-0.19546,-0.05976229,0.9788892,-0.1956959,0.9804444,0.02078164,-0.9609884,-0.1875026,-0.2033329,static,73.03793,43.06102,0.2045082,-2.452543
2308,05/05/2023 15:40:14.913447,2515,True,True,True,True,Eyes,2.075729,-0.01819426,-2.20181,-0.9244423,-0.2628206,-0.2762821,0.0,0.0,0.0,0.0,0.0,0.0,0.0,2.701902,0.5028067,1.596598,2.148441,-0.01978184,-2.342226,0.08532573,-0.7691884,0.05676005,0.6307514,11.24221,258.3617,356.5127,0.6890007,-0.005558309,-0.7247353,0.0,0.0,0.0,0.805141,-0.3581622,-2.544167,0.005931079,-0.05187668,1.400753,-0.1897449,-0.05966014,0.9800193,-0.202866,0.9789956,0.02032029,-0.960647,-0.1949569,-0.1978625,static,73.36051,43.56961,0.2426008,-2.120971
2309,05/05/2023 15:40:14.923449,2516,True,True,True,True,Eyes,2.078271,-0.0182869,-2.208132,-0.9259751,-0.2628415,-0.2710801,0.0,0.0,0.0,0.0,0.0,0.0,0.0,2.701268,0.4954494,1.609921,2.147929,-0.01887748,-2.349511,0.08412824,-0.7676137,0.05696561,0.6328086,11.18218,258.6768,356.6656,0.688696,-0.005603733,-0.7250237,0.0,0.0,0.0,0.805141,-0.3581622,-2.544167,0.007210284,-0.05729593,1.402259,-0.1849518,-0.05705933,0.9810898,-0.2012526,0.9793547,0.01901896,-0.9619203,-0.1939293,-0.1926168,static,73.68256,44.11598,0.294607,-2.339789
2310,05/05/2023 15:40:14.943677,2517,True,True,True,True,Eyes,2.080696,-0.01831762,-2.214473,-0.927434,-0.2631277,-0.2657632,0.0,0.0,0.0,0.0,0.0,0.0,0.0,2.700694,0.496811,1.621031,2.148074,-0.01794748,-2.356643,0.08476223,-0.7658041,0.0601903,0.6346152,11.52356,258.981,356.8743,0.6883635,-0.005646332,-0.7253396,0.0,0.0,0.0,0.805141,-0.3581622,-2.544167,0.006948799,-0.06207166,1.403719,-0.1801577,-0.05342716,0.9821857,-0.2062179,0.978385,0.01539486,-0.9617782,-0.1997707,-0.1872811,static,74.00995,44.7145,0.2836277,-2.531938
2311,05/05/2023 15:40:14.963420,2518,True,True,True,True,Eyes,2.083028,-0.01833259,-2.220844,-0.9288785,-0.2633218,-0.2604731,0.0,0.0,0.0,0.0,0.0,0.0,0.0,2.697913,0.5017759,1.633888,2.147727,-0.01641636,-2.363704,0.08597273,-0.7636721,0.06294373,0.636751,11.86598,259.3314,357.0039,0.6880024,-0.00568445,-0.7256821,0.0,0.0,0.0,0.805141,-0.3581622,-2.544167,0.00714004,-0.06169523,1.405213,-0.1743138,-0.05115099,0.9833607,-0.2114689,0.9772935,0.01334972,-0.961715,-0.2056232,-0.1811726,static,74.33562,45.3116,0.2911236,-2.513931
2312,05/05/2023 15:40:14.973674,2519,True,True,True,True,Eyes,2.085282,-0.01833097,-2.22723,-0.9302729,-0.263599,-0.2551625,0.0,0.0,0.0,0.0,0.0,0.0,0.0,2.698024,0.4951353,1.646168,2.147838,-0.01606866,-2.370844,0.08473013,-0.7623348,0.06262289,0.638549,11.7527,259.604,357.1189,0.6876134,-0.005718069,-0.7260509,0.0,0.0,0.0,0.805141,-0.3581622,-2.544167,0.008959591,-0.06578008,1.406175,-0.1701517,-0.04920988,0.9841883,-0.209161,0.9777983,0.01272948,-0.9629641,-0.2036879,-0.1766669,static,74.66169,45.93171,0.3650612,-2.678313
2313,05/05/2023 15:40:14.993912,2520,True,True,True,True,Eyes,2.087447,-0.01829465,-2.233638,-0.9315873,-0.263992,-0.2499067,0.0,0.0,0.0,0.0,0.0,0.0,0.0,2.697931,0.5062055,1.653403,2.148227,-0.01563023,-2.377749,0.08658019,-0.7609338,0.06390026,0.6398441,12.00772,259.8105,357.0704,0.6871989,-0.005747004,-0.7264433,0.0,0.0,0.0,0.805141,-0.3581622,-2.544167,0.01170832,-0.0678452,1.407167,-0.1662069,-0.04999115,0.9848229,-0.213536,0.9768412,0.0135479,-0.9626928,-0.2080434,-0.1730326,static,74.98344,46.57001,0.4767181,-2.760324
2314,05/05/2023 15:40:15.013842,2521,True,True,True,True,Eyes,2.089518,-0.01821443,-2.240088,-0.9329206,-0.264287,-0.2445637,0.0,0.0,0.0,0.0,0.0,0.0,0.0,2.695331,0.5237716,1.662229,2.148273,-0.0147363,-2.384714,0.08928362,-0.7592783,0.06360696,0.6414666,12.18891,260.0466,356.8343,0.6867589,-0.005770672,-0.7268593,0.0,0.0,0.0,0.805141,-0.3581622,-2.544167,0.01586294,-0.0657748,1.40844,-0.1610986,-0.05397876,0.9854612,-0.2171857,0.9759651,0.01795413,-0.962745,-0.2111356,-0.1689501,static,75.31055,47.21971,0.6452821,-2.673796
2315,05/05/2023 15:40:15.023993,2522,True,True,True,True,Eyes,2.091493,-0.01808467,-2.246578,-0.9342378,-0.2645464,-0.2391961,0.0,0.0,0.0,0.0,0.0,0.0,0.0,2.690878,0.5359077,1.675125,2.147983,-0.01366569,-2.391662,0.09083248,-0.7574859,0.06131554,0.6435876,12.11114,260.3397,356.559,0.6862936,-0.005788193,-0.7272989,0.0,0.0,0.0,0.805141,-0.3581622,-2.544167,0.01876259,-0.06819011,1.408794,-0.1550889,-0.0586848,0.986156,-0.2165325,0.9759798,0.02402601,-0.9638782,-0.2098086,-0.1640708,static,75.63887,47.88092,0.7630314,-2.771136
2316,05/05/2023 15:40:15.043432,2523,True,True,True,True,Eyes,2.093372,-0.01791978,-2.253125,-0.9356381,-0.2645077,-0.2337027,0.0,0.0,0.0,0.0,0.0,0.0,0.0,2.684698,0.5478269,1.691438,2.147662,-0.01236163,-2.399181,0.09237422,-0.7552393,0.05931682,0.6461907,12.06255,260.7117,356.314,0.6858034,-0.005798566,-0.7277612,0.0,0.0,0.0,0.805141,-0.3581622,-2.544167,0.02096164,-0.07449617,1.408848,-0.1478097,-0.06286933,0.9870158,-0.2161892,0.9758971,0.02978593,-0.9650984,-0.2089795,-0.1578387,static,75.97568,48.53817,0.8524162,-3.02683
2317,05/05/2023 15:40:15.063716,2524,True,True,True,True,Eyes,2.095174,-0.01774899,-2.259709,-0.937026,-0.2643673,-0.2282373,0.0,0.0,0.0,0.0,0.0,0.0,0.0,2.681155,0.5475109,1.707082,2.147199,-0.01143532,-2.406636,0.09194578,-0.753431,0.05725206,0.6485446,11.86069,261.0516,356.2335,0.6852902,-0.005801366,-0.7282447,0.0,0.0,0.0,0.805141,-0.3581622,-2.544167,0.02723926,-0.077506,1.409042,-0.1418719,-0.06428856,0.9877952,-0.2128106,0.9765364,0.03299093,-0.9667388,-0.2055328,-0.1522243,static,76.31068,49.19484,1.10749,-3.148448
2318,05/05/2023 15:40:15.083465,2525,True,True,True,True,Eyes,2.096895,-0.01755141,-2.266341,-0.9384035,-0.2641985,-0.2227062,0.0,0.0,0.0,0.0,0.0,0.0,0.0,2.681579,0.5384577,1.719859,2.147187,-0.01114066,-2.414163,0.09031299,-0.7520895,0.05690691,0.6503588,11.71653,261.3307,356.3798,0.6847526,-0.00579721,-0.7287504,0.0,0.0,0.0,0.805141,-0.3581622,-2.544167,0.0388011,-0.07511283,1.409384,-0.1377541,-0.06182709,0.9885349,-0.2098667,0.9772103,0.03187352,-0.9679772,-0.2030699,-0.1475902,static,76.64929,49.87077,1.576986,-3.050681
2319,05/05/2023 15:40:15.093853,2526,True,True,True,True,Eyes,2.098514,-0.01732555,-2.272988,-0.9397496,-0.264064,-0.2171193,0.0,0.0,0.0,0.0,0.0,0.0,0.0,2.681469,0.5368102,1.729975,2.146824,-0.0103164,-2.421218,0.09028122,-0.7505409,0.05895038,0.6519684,11.90036,261.6011,356.5636,0.6841923,-0.005785957,-0.7292768,0.0,0.0,0.0,0.805141,-0.3581622,-2.544167,0.05174416,-0.06988643,1.409493,-0.1335734,-0.05865192,0.9893019,-0.212387,0.9767483,0.02923165,-0.9680135,-0.2062103,-0.1429245,static,76.99068,50.5722,2.102452,-2.838553
2320,05/05/2023 15:40:15.113508,2527,True,True,True,True,Eyes,2.100054,-0.01708378,-2.279664,-0.9409938,-0.2641306,-0.2115793,0.0,0.0,0.0,0.0,0.0,0.0,0.0,2.677252,0.5326728,1.746603,2.146026,-0.009395273,-2.428276,0.08965548,-0.7483497,0.05990961,0.6544812,11.94791,262.0016,356.7322,0.6836088,-0.005767432,-0.729824,0.0,0.0,0.0,0.805141,-0.3581622,-2.544167,0.06117344,-0.06404685,1.409568,-0.1272327,-0.05576787,0.9903039,-0.2126067,0.9767455,0.02768898,-0.968819,-0.2070223,-0.1361306,static,77.32798,51.30385,2.485004,-2.601572
2321,05/05/2023 15:40:15.123623,2528,True,True,True,True,Eyes,2.101517,-0.01682789,-2.286361,-0.9421671,-0.2644324,-0.2059046,0.0,0.0,0.0,0.0,0.0,0.0,0.0,2.670918,0.5309274,1.766506,2.14566,-0.008727657,-2.435631,0.08947513,-0.7455848,0.06220037,0.6574411,12.14583,262.4882,356.9723,0.6830032,-0.005741882,-0.7303911,0.0,0.0,0.0,0.805141,-0.3581622,-2.544167,0.06772947,-0.06441814,1.408844,-0.1195311,-0.05163642,0.9914869,-0.2152088,0.9762506,0.02489793,-0.9692253,-0.2104006,-0.1278049,static,77.6722,52.09331,2.752348,-2.617976
2322,05/05/2023 15:40:15.143507,2529,True,True,True,True,Eyes,2.102923,-0.0165668,-2.29308,-0.9432331,-0.2649498,-0.2002819,0.0,0.0,0.0,0.0,0.0,0.0,0.0,2.664298,0.5311344,1.78596,2.145299,-0.008058846,-2.442922,0.08978048,-0.7426323,0.06599338,0.6603648,12.50902,262.9911,357.2882,0.6823761,-0.005709593,-0.7309773,0.0,0.0,0.0,0.805141,-0.3581622,-2.544167,0.07320401,-0.0653028,1.408473,-0.1117158,-0.04618836,0.9926663,-0.2205072,0.9751687,0.02055809,-0.9689666,-0.2165934,-0.1191266,static,78.01212,52.91349,2.975214,-2.654574
2323,05/05/2023 15:40:15.164003,2530,True,True,True,True,Eyes,2.104256,-0.01629414,-2.299807,-0.9442123,-0.2656949,-0.1946007,0.0,0.0,0.0,0.0,0.0,0.0,0.0,2.661161,0.5276703,1.801614,2.145303,-0.007585624,-2.450234,0.08959667,-0.7402157,0.07040843,0.6626432,12.88389,263.4089,357.6877,0.6817288,-0.005671115,-0.7315814,0.0,0.0,0.0,0.805141,-0.3581622,-2.544167,0.07708856,-0.0615424,1.408062,-0.1057529,-0.03933037,0.9936143,-0.225953,0.9740301,0.01450642,-0.9683809,-0.2229761,-0.1118934,static,78.35449,53.78014,3.133701,-2.502643
2324,05/05/2023 15:40:15.174066,2531,True,True,True,True,Eyes,2.105529,-0.01601631,-2.306558,-0.9450985,-0.2666075,-0.1889693,0.0,0.0,0.0,0.0,0.0,0.0,0.0,2.658059,0.5263504,1.815579,2.144925,-0.006955846,-2.457212,0.08976809,-0.7379019,0.07464146,0.664734,13.26763,263.8001,358.0425,0.6810622,-0.005626746,-0.7322025,0.0,0.0,0.0,0.805141,-0.3581622,-2.544167,0.07816148,-0.06093918,1.407619,-0.1001409,-0.03324663,0.9944177,-0.2317135,0.9727407,0.009187651,-0.967616,-0.2294999,-0.1051148,static,78.69301,54.67129,3.178223,-2.478922
2325,05/05/2023 15:40:15.193738,2532,True,True,True,True,Eyes,2.106747,-0.01574001,-2.313324,-0.9459181,-0.2676457,-0.1833162,0.0,0.0,0.0,0.0,0.0,0.0,0.0,2.654713,0.5281021,1.829318,2.144701,-0.006494949,-2.464347,0.09025463,-0.7356432,0.07787464,0.6667975,13.58803,264.176,358.294,0.6803772,-0.005576969,-0.7328395,0.0,0.0,0.0,0.805141,-0.3581622,-2.544167,0.07600082,-0.06594255,1.406714,-0.09447047,-0.02893717,0.9951072,-0.2366436,0.9715793,0.005787255,-0.9669929,-0.234939,-0.09863342,static,79.0322,55.59192,3.092525,-2.68389
2326,05/05/2023 15:40:15.213585,2533,True,True,True,True,Eyes,2.107915,-0.01545673,-2.320123,-0.9466926,-0.2686812,-0.1777175,0.0,0.0,0.0,0.0,0.0,0.0,0.0,2.651647,0.5306565,1.842565,2.144603,-0.006225718,-2.47154,0.09073374,-0.7335265,0.08028588,0.6687756,13.83606,264.5283,358.4819,0.6796739,-0.005522345,-0.7334923,0.0,0.0,0.0,0.805141,-0.3581622,-2.544167,0.07440244,-0.06972121,1.405815,-0.08901361,-0.02572472,0.9956983,-0.2404977,0.9706431,0.003577371,-0.9665598,-0.2391446,-0.09258719,static,79.36791,56.5176,3.029539,-2.83925
2327,05/05/2023 15:40:15.223802,2534,True,True,True,True,Eyes,2.109027,-0.01518166,-2.326941,-0.9474357,-0.2696999,-0.1721264,0.0,0.0,0.0,0.0,0.0,0.0,0.0,2.648292,0.5413025,1.853681,2.144512,-0.005755975,-2.478634,0.09240657,-0.7315114,0.0818112,0.6705663,14.10036,264.836,358.495,0.6789539,-0.005463256,-0.7341593,0.0,0.0,0.0,0.805141,-0.3581622,-2.544167,0.07387181,-0.06811944,1.405028,-0.08360393,-0.02547324,0.9961734,-0.2449126,0.9695359,0.004237793,-0.9659339,-0.2436211,-0.08729566,static,79.70303,57.45338,3.009654,-2.775676
2328,05/05/2023 15:40:15.243666,2535,True,True,True,True,Eyes,2.110084,-0.0149415,-2.333762,-0.9482087,-0.2703901,-0.1667017,0.0,0.0,0.0,0.0,0.0,0.0,0.0,2.644495,0.5469438,1.866916,2.144306,-0.00565288,-2.485921,0.09301967,-0.729592,0.08163287,0.6725912,14.13727,265.1543,358.4682,0.6782172,-0.005400388,-0.7348406,0.0,0.0,0.0,0.805141,-0.3581622,-2.544167,0.0732819,-0.0686591,1.403988,-0.07793695,-0.02592175,0.9966212,-0.2455439,0.9693668,0.006011036,-0.9662473,-0.2442458,-0.08191445,static,80.02891,58.34522,2.987872,-2.7997
2329,05/05/2023 15:40:15.264334,2536,True,True,True,True,Eyes,2.111104,-0.01473395,-2.340609,-0.9489244,-0.2711634,-0.1612853,0.0,0.0,0.0,0.0,0.0,0.0,0.0,2.639989,0.5519725,1.881355,2.144079,-0.006266908,-2.493311,0.0933431,-0.7276088,0.08088747,0.6747813,14.10391,265.4905,358.4241,0.6774647,-0.005335284,-0.7355349,0.0,0.0,0.0,0.805141,-0.3581622,-2.544167,0.07278834,-0.0681522,1.402234,-0.0719146,-0.02667181,0.9970541,-0.2449972,0.9694886,0.008263495,-0.966853,-0.2436812,-0.07625484,static,80.35382,59.25624,2.97149,-2.782533
2330,05/05/2023 15:40:15.273730,2537,True,True,True,True,Eyes,2.112083,-0.01453253,-2.347493,-0.9496322,-0.2717903,-0.1559768,0.0,0.0,0.0,0.0,0.0,0.0,0.0,2.636719,0.5618758,1.893155,2.144249,-0.006816901,-2.500835,0.09461863,-0.7256512,0.08160464,0.6766229,14.26903,265.7961,358.4101,0.6766979,-0.005269294,-0.7362409,0.0,0.0,0.0,0.805141,-0.3581622,-2.544167,0.07326134,-0.06760216,1.401278,-0.0664579,-0.02688909,0.997427,-0.2477514,0.968776,0.009609237,-0.9665418,-0.2464752,-0.07104458,static,80.67247,60.14907,2.992801,-2.76199
2331,05/05/2023 15:40:15.293295,2538,True,True,True,True,Eyes,2.113013,-0.01436276,-2.354403,-0.9503485,-0.2722837,-0.1506627,0.0,0.0,0.0,0.0,0.0,0.0,0.0,2.634615,0.5695298,1.904095,2.144253,-0.00677032,-2.508639,0.09560023,-0.7239119,0.08183441,0.6783181,14.36964,266.0711,358.3796,0.6759158,-0.005202603,-0.7369595,0.0,0.0,0.0,0.805141,-0.3581622,-2.544167,0.07592593,-0.06430638,1.400202,-0.06149056,-0.02739276,0.9977319,-0.2494318,0.9683275,0.01121294,-0.9664384,-0.2481765,-0.06637565,static,80.99163,61.04294,3.103824,-2.629548
2332,05/05/2023 15:40:15.314057,2539,True,True,True,True,Eyes,2.113918,-0.01423519,-2.361347,-0.9510938,-0.2724357,-0.1456006,0.0,0.0,0.0,0.0,0.0,0.0,0.0,2.630577,0.5698414,1.919306,2.144031,-0.007387669,-2.516241,0.09510244,-0.7220841,0.08030677,0.6805152,14.20629,266.3983,358.3423,0.6751202,-0.005136425,-0.7376889,0.0,0.0,0.0,0.805141,-0.3581622,-2.544167,0.07708888,-0.07321371,1.398039,-0.05570935,-0.02804397,0.9980531,-0.2466439,0.9690127,0.01346081,-0.9675037,-0.2454138,-0.06089995,static,81.29631,61.87816,3.156135,-2.997777
2333,05/05/2023 15:40:15.323902,2540,True,True,True,True,Eyes,2.114799,-0.01414803,-2.368333,-0.9518014,-0.272686,-0.1404149,0.0,0.0,0.0,0.0,0.0,0.0,0.0,2.623514,0.5760784,1.937754,2.144351,-0.008296317,-2.524138,0.09551287,-0.7195619,0.07987598,0.6831747,14.20875,266.8195,358.3261,0.6743112,-0.005072014,-0.738429,0.0,0.0,0.0,0.805141,-0.3581622,-2.544167,0.07746673,-0.07172043,1.397037,-0.04829909,-0.02831634,0.9984314,-0.2465933,0.9689943,0.01555253,-0.9679147,-0.2454554,-0.05378414,static,81.60795,62.75459,3.173843,-2.938844
2334,05/05/2023 15:40:15.343902,2541,True,True,True,True,Eyes,2.11567,-0.0140868,-2.375338,-0.9525021,-0.2728202,-0.1353103,0.0,0.0,0.0,0.0,0.0,0.0,0.0,2.614871,0.5847502,1.957674,2.144716,-0.00915293,-2.532209,0.09640798,-0.7165918,0.08075028,0.6860621,14.36,267.3022,358.381,0.6734888,-0.005010451,-0.7391796,0.0,0.0,0.0,0.805141,-0.3581622,-2.544167,0.07716599,-0.06286656,1.396363,-0.04004885,-0.02737092,0.9988229,-0.2489697,0.9683698,0.01655374,-0.967683,-0.2480137,-0.04559666,static,81.91479,63.62002,3.16307,-2.57781
2335,05/05/2023 15:40:15.363426,2542,True,True,True,True,Eyes,2.116536,-0.01406503,-2.382388,-0.953179,-0.2729805,-0.1301205,0.0,0.0,0.0,0.0,0.0,0.0,0.0,2.607463,0.5898055,1.977424,2.145311,-0.009713791,-2.540567,0.0968615,-0.713698,0.08230675,0.6888243,14.53228,267.7802,358.5278,0.6726549,-0.004952325,-0.7399389,0.0,0.0,0.0,0.805141,-0.3581622,-2.544167,0.07673578,-0.06574257,1.394946,-0.03227817,-0.02486992,0.9991695,-0.2516494,0.9676869,0.01595679,-0.9672801,-0.2509254,-0.03749356,static,82.22649,64.51446,3.148658,-2.698302
2336,05/05/2023 15:40:15.373527,2543,True,True,True,True,Eyes,2.117404,-0.01408064,-2.389464,-0.9538638,-0.2729533,-0.1250609,0.0,0.0,0.0,0.0,0.0,0.0,0.0,2.602337,0.5859569,1.996749,2.146145,-0.0105865,-2.548815,0.09590426,-0.7112296,0.08364805,0.691345,14.57173,268.2184,358.7709,0.671809,-0.004898473,-0.7407074,0.0,0.0,0.0,0.805141,-0.3581622,-2.544167,0.0759328,-0.05881106,1.394689,-0.02568906,-0.02076058,0.9994545,-0.2520792,0.9676108,0.01361992,-0.9673657,-0.2515918,-0.03009029,static,82.53057,65.38385,3.11635,-2.414611
2337,05/05/2023 15:40:15.393522,2544,True,True,True,True,Eyes,2.118285,-0.01413627,-2.396585,-0.9545165,-0.2729862,-0.1199027,0.0,0.0,0.0,0.0,0.0,0.0,0.0,2.598671,0.5842237,2.013647,2.147108,-0.01149354,-2.557142,0.0952602,-0.7090641,0.08460319,0.6935387,14.60249,268.597,358.9496,0.6709532,-0.004849701,-0.741483,0.0,0.0,0.0,0.805141,-0.3581622,-2.544167,0.07405221,-0.05247994,1.394151,-0.01985904,-0.01773999,0.9996455,-0.2524424,0.9675356,0.01215513,-0.9674082,-0.2521114,-0.02369262,static,82.84023,66.28767,3.040485,-2.155764
2338,05/05/2023 15:40:15.413440,2545,True,True,True,True,Eyes,2.119177,-0.0142208,-2.403729,-0.955187,-0.2729019,-0.1146401,0.0,0.0,0.0,0.0,0.0,0.0,0.0,2.591044,0.590924,2.033189,2.148286,-0.01249487,-2.565398,0.09576181,-0.7063342,0.08508419,0.6961914,14.68666,269.043,359.0043,0.6700876,-0.00480671,-0.7422657,0.0,0.0,0.0,0.805141,-0.3581622,-2.544167,0.07471399,-0.05586508,1.39327,-0.01229466,-0.01680991,0.9997832,-0.2537494,0.9671807,0.01314134,-0.9671919,-0.2535329,-0.01615671,static,83.15618,67.2138,3.069543,-2.296124
2339,05/05/2023 15:40:15.424805,2546,True,True,True,True,Eyes,2.120083,-0.01431881,-2.410939,-0.9558328,-0.2728596,-0.1092294,0.0,0.0,0.0,0.0,0.0,0.0,0.0,2.580672,0.6001109,2.055676,2.149458,-0.01327169,-2.573997,0.09657355,-0.7031572,0.08520826,0.6992734,14.7672,269.5548,359.0137,0.6692141,-0.004769859,-0.7430536,0.0,0.0,0.0,0.805141,-0.3581622,-2.544167,0.07646209,-0.05005679,1.393037,-0.003380871,-0.01664501,0.9998559,-0.2549805,0.9668262,0.01523301,-0.9669405,-0.2548922,-0.007512899,static,83.48071,68.18311,3.141743,-2.057957
2340,05/05/2023 15:40:15.443745,2547,True,True,True,True,Eyes,2.121004,-0.01443998,-2.418178,-0.9565488,-0.2724853,-0.1037599,0.0,0.0,0.0,0.0,0.0,0.0,0.0,2.569596,0.608115,2.079562,2.150738,-0.01368549,-2.582894,0.09721081,-0.6998608,0.08513179,0.702494,14.81748,270.0883,359.0245,0.668332,-0.004738898,-0.7438474,0.0,0.0,0.0,0.805141,-0.3581622,-2.544167,0.07777965,-0.04632568,1.392542,0.005895118,-0.01645892,0.9998472,-0.2556772,0.9666052,0.0174192,-0.9667444,-0.2557408,0.001490039,static,83.80915,69.15363,3.196902,-1.905355
2341,05/05/2023 15:40:15.463434,2548,True,True,True,True,Eyes,2.12195,-0.01458638,-2.425488,-0.957263,-0.2720608,-0.09813514,0.0,0.0,0.0,0.0,0.0,0.0,0.0,2.558736,0.6091243,2.105185,2.152022,-0.01440789,-2.592019,0.09662374,-0.6967375,0.08382722,0.7058284,14.66759,270.6184,359.0341,0.6674424,-0.004713957,-0.7446458,0.0,0.0,0.0,0.805141,-0.3581622,-2.544167,0.07808302,-0.04911674,1.391636,0.01505966,-0.0163075,0.9997537,-0.252978,0.9672737,0.01958841,-0.9673548,-0.2532107,0.01044138,static,84.1467,70.16511,3.211429,-2.021372
2342,05/05/2023 15:40:15.473701,2549,True,True,True,True,Eyes,2.122919,-0.0147672,-2.432848,-0.9580523,-0.2713014,-0.09236517,0.0,0.0,0.0,0.0,0.0,0.0,0.0,2.546513,0.6126054,2.131688,2.153581,-0.01517641,-2.601147,0.09639819,-0.6933968,0.08270192,0.7092735,14.56249,271.1732,359.031,0.6665464,-0.004695208,-0.7454482,0.0,0.0,0.0,0.805141,-0.3581622,-2.544167,0.0770748,-0.05154576,1.390814,0.02472254,-0.01636785,0.9995604,-0.2510009,0.9677355,0.02205484,-0.9676712,-0.2514358,0.01981649,static,84.49317,71.19875,3.171917,-2.1225
2343,05/05/2023 15:40:15.493833,2550,True,True,True,True,Eyes,2.123922,-0.01494923,-2.440307,-0.9588143,-0.2705522,-0.08646676,0.0,0.0,0.0,0.0,0.0,0.0,0.0,2.533412,0.6137788,2.159975,2.155092,-0.01624465,-2.61069,0.09574957,-0.6898922,0.08139987,0.71292,14.40875,271.7609,359.0504,0.6656438,-0.004683063,-0.7462546,0.0,0.0,0.0,0.805141,-0.3581622,-2.544167,0.07683799,-0.05752456,1.389619,0.03484574,-0.01605058,0.9992638,-0.248177,0.9684122,0.02420931,-0.9680878,-0.2488378,0.02976166,static,84.84695,72.27645,3.164907,-2.370458
2344,05/05/2023 15:40:15.513669,2551,True,True,True,True,Eyes,2.124952,-0.01516079,-2.447848,-0.9596313,-0.2695077,-0.08045822,0.0,0.0,0.0,0.0,0.0,0.0,0.0,2.522461,0.6185462,2.185147,2.156916,-0.01646189,-2.620634,0.09586311,-0.686619,0.08077628,0.7161283,14.37254,272.2913,359.0565,0.6647349,-0.004676874,-0.7470644,0.0,0.0,0.0,0.805141,-0.3581622,-2.544167,0.07781398,-0.06160598,1.388727,0.04405896,-0.01595051,0.9989015,-0.2473352,0.9685709,0.02637549,-0.9679277,-0.2482256,0.03872915,static,85.20737,73.37766,3.207078,-2.54006
2345,05/05/2023 15:40:15.524950,2552,True,True,True,True,Eyes,2.126028,-0.01537726,-2.455486,-0.9603966,-0.2685196,-0.07440214,0.0,0.0,0.0,0.0,0.0,0.0,0.0,2.512107,0.6131714,2.2122,2.158567,-0.0174636,-2.630735,0.09428465,-0.6835326,0.07929373,0.7194485,14.12662,272.8245,359.1257,0.6638198,-0.00467692,-0.7478775,0.0,0.0,0.0,0.805141,-0.3581622,-2.544167,0.07798154,-0.05839582,1.388069,0.05299131,-0.01479777,0.9984854,-0.2429888,0.9696458,0.02726621,-0.9685807,-0.2440656,0.04778713,static,85.57014,74.51287,3.21549,-2.409004
2346,05/05/2023 15:40:15.543863,2553,True,True,True,True,Eyes,2.127121,-0.01556826,-2.46319,-0.9611614,-0.2674013,-0.06830242,0.0,0.0,0.0,0.0,0.0,0.0,0.0,2.505898,0.6156628,2.23253,2.160736,-0.01779712,-2.640769,0.09420224,-0.6809268,0.07962149,0.72189,14.14875,273.2474,359.2121,0.6628991,-0.004682691,-0.7486938,0.0,0.0,0.0,0.805141,-0.3581622,-2.544167,0.07528744,-0.0587843,1.387054,0.05999844,-0.01333374,0.9981095,-0.2432455,0.9695727,0.02757451,-0.9681073,-0.2444401,0.05492945,static,85.93526,75.6713,3.10689,-2.426783
2347,05/05/2023 15:40:15.563680,2554,True,True,True,True,Eyes,2.128225,-0.01568595,-2.471002,-0.961878,-0.2663451,-0.06205652,0.0,0.0,0.0,0.0,0.0,0.0,0.0,2.494411,0.6215743,2.256914,2.162207,-0.01741007,-2.650784,0.09461373,-0.6776003,0.07920925,0.7250049,14.15437,273.7734,359.2101,0.6619722,-0.004692801,-0.7495133,0.0,0.0,0.0,0.805141,-0.3581622,-2.544167,0.07066496,-0.05534656,1.386658,0.06916753,-0.01336639,0.9975157,-0.2430748,0.9695483,0.02984642,-0.9675385,-0.2445353,0.06381219,static,86.30862,76.88448,2.917305,-2.28567
2348,05/05/2023 15:40:15.573266,2555,True,True,True,True,Eyes,2.129343,-0.01581701,-2.478935,-0.9626824,-0.2648134,-0.05582464,0.0,0.0,0.0,0.0,0.0,0.0,0.0,2.480145,0.6312382,2.283408,2.163528,-0.0157619,-2.661282,0.09568028,-0.6738641,0.07822867,0.7284455,14.17159,274.3479,359.1147,0.6610383,-0.004704543,-0.750337,0.0,0.0,0.0,0.805141,-0.3581622,-2.544167,0.06538512,-0.04797674,1.38646,0.07957507,-0.01498034,0.9967165,-0.2429217,0.9694511,0.03396477,-0.9667767,-0.2448267,0.07350509,static,86.68121,78.09592,2.700055,-1.981859
2650,05/05/2023 15:40:20.613756,2857,True,True,True,True,Eyes,0.5224277,0.03157682,-3.107683,0.8021792,0.1090351,0.5870432,0.0,0.0,0.0,0.0,0.0,0.0,0.0,-2.713239,-0.4362301,1.321437,0.3657903,0.0292125,-3.027128,-0.09176747,0.471842,0.01370203,0.8767875,349.9882,56.89292,356.357,0.1851883,0.00947811,-0.9826571,0.0,0.0,0.0,1.448722,0.1669347,-2.47554,0.0890137,-0.03474247,1.128535,0.5543548,-0.06257195,-0.8299251,-0.110627,0.982782,-0.1479907,0.8248954,0.1738515,0.5378878,static,53.80294,10.52199,4.509893,-1.76332
2651,05/05/2023 15:40:20.631816,2858,True,True,True,True,Eyes,0.5160654,0.03148399,-3.103492,0.8064834,0.108893,0.5811427,0.0,0.0,0.0,0.0,0.0,0.0,0.0,-2.718241,-0.4269395,1.298244,0.3618317,0.02823348,-3.020734,-0.09125416,0.4756997,0.01472743,0.8747376,349.9994,57.38754,356.4456,0.1832501,0.00953244,-0.9830198,0.0,0.0,0.0,1.448722,0.1669347,-2.47554,0.08906519,-0.03846384,1.134105,0.5469858,-0.06105388,-0.8349126,-0.1125844,0.9829116,-0.1456352,0.8295368,0.1736585,0.5307649,static,54.22391,10.61287,4.49042,-1.942476
2652,05/05/2023 15:40:20.643773,2859,True,True,True,True,Eyes,0.5098133,0.03136199,-3.099179,0.8107032,0.1088413,0.5752511,0.0,0.0,0.0,0.0,0.0,0.0,0.0,-2.721834,-0.4178731,1.277017,0.3580735,0.02736769,-3.014101,-0.09038687,0.4792435,0.01525875,0.8728822,350.0715,57.84012,356.508,0.1813307,0.009580038,-0.9833752,0.0,0.0,0.0,1.448722,0.1669347,-2.47554,0.09184551,-0.04212494,1.139208,0.5401857,-0.05999644,-0.8394045,-0.1132728,0.9831948,-0.1431689,0.8338877,0.1724195,0.5243118,static,54.64161,10.71408,4.609344,-2.117683
2653,05/05/2023 15:40:20.663905,2860,True,True,True,True,Eyes,0.5036888,0.03117832,-3.094768,0.8148869,0.1088948,0.5692989,0.0,0.0,0.0,0.0,0.0,0.0,0.0,-2.725118,-0.4129862,1.254438,0.3546787,0.02650065,-3.007314,-0.09115274,0.4826612,0.01684682,0.8708878,349.9196,58.29325,356.585,0.1794317,0.009620671,-0.9837232,0.0,0.0,0.0,1.448722,0.1669347,-2.47554,0.09669173,-0.0464508,1.144255,0.5335086,-0.0586484,-0.8437588,-0.1173352,0.9828147,-0.142505,0.8376163,0.1750302,0.5174586,static,55.06096,10.82866,4.830128,-2.324634
2654,05/05/2023 15:40:20.674066,2861,True,True,True,True,Eyes,0.4976844,0.03094199,-3.09025,0.8190271,0.1088744,0.5633301,0.0,0.0,0.0,0.0,0.0,0.0,0.0,-2.728619,-0.4052083,1.231946,0.3514987,0.02491982,-3.000513,-0.09162202,0.4861075,0.01862271,0.8688832,349.7861,58.74607,356.6964,0.1775551,0.009653075,-0.9840632,0.0,0.0,0.0,1.448722,0.1669347,-2.47554,0.1025883,-0.04932819,1.148776,0.5267054,-0.05671437,-0.8481538,-0.1214382,0.9825172,-0.1411124,0.8413288,0.1773229,0.5106097,static,55.47965,10.93865,5.103107,-2.458759
2655,05/05/2023 15:40:20.693881,2862,True,True,True,True,Eyes,0.491814,0.03066063,-3.085642,0.8231648,0.1088841,0.5572648,0.0,0.0,0.0,0.0,0.0,0.0,0.0,-2.732907,-0.3910845,1.209364,0.3484649,0.02344088,-2.993711,-0.09007282,0.4898857,0.01943008,0.8669033,349.9094,59.222,356.823,0.1757016,0.009676415,-0.9843957,0.0,0.0,0.0,1.448722,0.1669347,-2.47554,0.1082801,-0.05201855,1.153447,0.5192691,-0.05456275,-0.8528672,-0.1219388,0.9830188,-0.1371318,0.8458667,0.1752059,0.5037979,static,55.90284,11.05574,5.362938,-2.582196
2656,05/05/2023 15:40:20.713907,2863,True,True,True,True,Eyes,0.4860694,0.03033427,-3.080931,0.8272129,0.1089499,0.5512246,0.0,0.0,0.0,0.0,0.0,0.0,0.0,-2.737987,-0.379225,1.183681,0.345695,0.02209234,-2.986886,-0.08956787,0.4939353,0.02100261,0.8646181,349.8846,59.74543,356.9627,0.1738738,0.009690143,-0.98472,0.0,0.0,0.0,1.448722,0.1669347,-2.47554,0.1154314,-0.0585615,1.157244,0.5111738,-0.05216296,-0.857893,-0.1247999,0.983073,-0.1341361,0.8503684,0.1756319,0.4960111,static,56.32195,11.18044,5.69623,-2.896941
2657,05/05/2023 15:40:20.731811,2864,True,True,True,True,Eyes,0.4804622,0.02996326,-3.076134,0.8312413,0.1090965,0.5451018,0.0,0.0,0.0,0.0,0.0,0.0,0.0,-2.742703,-0.3672293,1.157964,0.3430273,0.02069169,-2.979943,-0.08913527,0.4979505,0.02268807,0.8623141,349.8445,60.26621,357.1093,0.1720724,0.009693781,-0.9850364,0.0,0.0,0.0,1.448722,0.1669347,-2.47554,0.1238379,-0.06137052,1.161423,0.5030611,-0.04964143,-0.8628241,-0.1278984,0.9830803,-0.1311301,0.8547348,0.1763203,0.4882004,static,56.74441,11.31763,6.086226,-3.024742
2658,05/05/2023 15:40:20.744181,2865,True,True,True,True,Eyes,0.4749909,0.02954207,-3.071237,0.8351429,0.1094193,0.5390397,0.0,0.0,0.0,0.0,0.0,0.0,0.0,-2.74676,-0.3558903,1.133119,0.3406115,0.01925199,-2.973033,-0.08910049,0.5017295,0.02472271,0.8600682,349.7425,60.76032,357.2692,0.1702989,0.009686887,-0.9853446,0.0,0.0,0.0,1.448722,0.1669347,-2.47554,0.1322198,-0.05886599,1.165508,0.4953125,-0.04688225,-0.8674489,-0.1319351,0.9828998,-0.1284568,0.8586376,0.1780732,0.4806572,static,57.15994,11.47453,6.47219,-2.891366
2659,05/05/2023 15:40:20.764297,2866,True,True,True,True,Eyes,0.4696692,0.02906815,-3.066263,0.8389999,0.1098395,0.53293,0.0,0.0,0.0,0.0,0.0,0.0,0.0,-2.749669,-0.3476772,1.109477,0.3385423,0.01759554,-2.966071,-0.09002134,0.5051194,0.02710458,0.8579139,349.5229,61.21465,357.4099,0.168555,0.009668887,-0.9856446,0.0,0.0,0.0,1.448722,0.1669347,-2.47554,0.1386009,-0.0574844,1.169646,0.4882397,-0.04443623,-0.8715777,-0.1374498,0.982323,-0.127079,0.8618177,0.1818432,0.4735013,static,57.57642,11.64586,6.75793,-2.813643
2660,05/05/2023 15:40:20.773802,2867,True,True,True,True,Eyes,0.4644994,0.02854829,-3.06122,0.842733,0.1102388,0.5269236,0.0,0.0,0.0,0.0,0.0,0.0,0.0,-2.751986,-0.340159,1.086995,0.3367195,0.01584241,-2.959234,-0.09060486,0.5083554,0.02882475,0.8558825,349.3738,61.64881,357.5055,0.1668418,0.009639159,-0.9859363,0.0,0.0,0.0,1.448722,0.1669347,-2.47554,0.143227,-0.05643193,1.173713,0.4814878,-0.04277775,-0.8754083,-0.1414601,0.9819198,-0.1257878,0.8649616,0.1844006,0.466731,static,57.98409,11.81654,6.957343,-2.752651
2661,05/05/2023 15:40:20.793685,2868,True,True,True,True,Eyes,0.4594767,0.02800372,-3.056104,0.8464249,0.1105784,0.5209003,0.0,0.0,0.0,0.0,0.0,0.0,0.0,-2.753308,-0.3360707,1.065417,0.3350222,0.01422494,-2.952342,-0.09063451,0.5115013,0.02891248,0.8539999,349.3749,62.07384,357.4728,0.1651616,0.009597367,-0.9862196,0.0,0.0,0.0,1.448722,0.1669347,-2.47554,0.1445785,-0.05155487,1.178452,0.4750612,-0.0433368,-0.8788849,-0.1421018,0.9818989,-0.1252262,0.868403,0.1843812,0.4603038,static,58.39135,11.98502,6.994389,-2.504977
2662,05/05/2023 15:40:20.815430,2869,True,True,True,True,Eyes,0.4546017,0.02745486,-3.050921,0.8499739,0.1108035,0.5150408,0.0,0.0,0.0,0.0,0.0,0.0,0.0,-2.753342,-0.3388383,1.044622,0.3334484,0.01307007,-2.945434,-0.09100141,0.514427,0.02768806,0.8522425,349.4206,62.48241,357.2925,0.1635147,0.009543856,-0.9864945,0.0,0.0,0.0,1.448722,0.1669347,-2.47554,0.1452539,-0.05198322,1.182664,0.4691965,-0.04643328,-0.8818723,-0.140821,0.9819043,-0.1266236,0.8717937,0.1835975,0.4541672,static,58.78627,12.14129,7.001958,-2.516778
2663,05/05/2023 15:40:20.831693,2870,True,True,True,True,Eyes,0.4498736,0.02689836,-3.045652,0.8534706,0.1110191,0.5091785,0.0,0.0,0.0,0.0,0.0,0.0,0.0,-2.751777,-0.348646,1.024698,0.3318753,0.012398,-2.938289,-0.0917836,0.5171088,0.02520421,0.8506112,349.5014,62.87186,356.9658,0.1619026,0.00947962,-0.986761,0.0,0.0,0.0,1.448722,0.1669347,-2.47554,0.1462874,-0.05674484,1.18623,0.4639266,-0.05204624,-0.8843436,-0.1378022,0.9818811,-0.1300776,0.8750902,0.1822109,0.4483487,static,59.1798,12.30002,7.030293,-2.73873
2664,05/05/2023 15:40:20.844071,2871,True,True,True,True,Eyes,0.4452746,0.02638062,-3.040311,0.8568389,0.1109451,0.503506,0.0,0.0,0.0,0.0,0.0,0.0,0.0,-2.749736,-0.3603281,1.004468,0.3306006,0.01160855,-2.93094,-0.09340613,0.519655,0.0232281,0.8489373,349.471,63.25339,356.639,0.1603262,0.009405431,-0.9870191,0.0,0.0,0.0,1.448722,0.1669347,-2.47554,0.1470657,-0.06212663,1.18947,0.4588383,-0.05763953,-0.8866482,-0.1365163,0.9814715,-0.1344507,0.8779697,0.1827331,0.4424679,static,59.56014,12.42628,7.048265,-2.989872
2665,05/05/2023 15:40:20.864112,2872,True,True,True,True,Eyes,0.4408103,0.02593761,-3.034886,0.8601495,0.1108148,0.4978583,0.0,0.0,0.0,0.0,0.0,0.0,0.0,-2.745984,-0.3661959,0.9905283,0.3289044,0.0120563,-2.923585,-0.09191182,0.5217438,0.01934138,0.8479161,349.8603,63.53625,356.3242,0.1587863,0.009323519,-0.9872687,0.0,0.0,0.0,1.448722,0.1669347,-2.47554,0.1473619,-0.0652459,1.192513,0.4548186,-0.0631091,-0.8883454,-0.1287086,0.9823563,-0.1356845,0.8812345,0.1760495,0.4386712,static,59.93755,12.54851,7.044471,-3.131697
2666,05/05/2023 15:40:20.873797,2873,True,True,True,True,Eyes,0.436494,0.02547902,-3.02941,0.863323,0.1107705,0.4923448,0.0,0.0,0.0,0.0,0.0,0.0,0.0,-2.742326,-0.3805201,0.9726541,0.3276156,0.01336974,-2.91611,-0.09311371,0.5239317,0.016713,0.8464904,349.9124,63.86678,355.9651,0.1572834,0.00923704,-0.98751,0.0,0.0,0.0,1.448722,0.1669347,-2.47554,0.147194,-0.06760245,1.195383,0.4504325,-0.06927565,-0.8901187,-0.1258652,0.982101,-0.1401268,0.8838939,0.1751527,0.4336509,static,60.30431,12.67961,7.019804,-3.236799
2667,05/05/2023 15:40:20.893948,2874,True,True,True,True,Eyes,0.4322682,0.0250592,-3.023896,0.8665064,0.1099789,0.4868997,0.0,0.0,0.0,0.0,0.0,0.0,0.0,-2.74054,-0.380254,0.9552253,0.3264569,0.0125437,-2.908758,-0.09384917,0.5262026,0.01692806,0.844995,349.8387,64.18696,355.9127,0.1558176,0.009145868,-0.9877433,0.0,0.0,0.0,1.448722,0.1669347,-2.47554,0.1472778,-0.07143312,1.197755,0.4456484,-0.0701591,-0.8924545,-0.1273756,0.9818115,-0.140789,0.8860998,0.1764193,0.4286062,static,60.66788,12.72814,7.009989,-3.41303
2668,05/05/2023 15:40:20.913806,2875,True,True,True,True,Eyes,0.4281497,0.0247432,-3.018371,0.8695933,0.1089394,0.4816011,0.0,0.0,0.0,0.0,0.0,0.0,0.0,-2.739744,-0.362175,0.9441657,0.3243212,0.0132481,-2.90232,-0.08604747,0.5289555,0.01188581,0.8441923,350.9176,64.46847,355.879,0.1543881,0.009051713,-0.9879686,0.0,0.0,0.0,1.448722,0.1669347,-2.47554,0.1476976,-0.07374633,1.200116,0.4401297,-0.07096273,-0.8951257,-0.1110984,0.9849091,-0.1327071,0.8910347,0.1578553,0.4256039,static,61.02129,12.74595,7.016079,-3.516367
2669,05/05/2023 15:40:20.931933,2876,True,True,True,True,Eyes,0.4240996,0.02450897,-3.012817,0.8726989,0.1078968,0.4761879,0.0,0.0,0.0,0.0,0.0,0.0,0.0,-2.740337,-0.3579956,0.9231561,0.3223421,0.0155585,-2.895803,-0.08192261,0.5325733,0.007966761,0.8423722,351.5756,64.92004,355.7193,0.1529946,0.008958235,-0.9881862,0.0,0.0,0.0,1.448722,0.1669347,-2.47554,0.1486238,-0.07039812,1.202648,0.4326046,-0.07383762,-0.8985552,-0.1006815,0.9864504,-0.1295329,0.8959445,0.1465044,0.4193088,static,61.38092,12.76677,7.044921,-3.350039
2670,05/05/2023 15:40:20.943493,2877,True,True,True,True,Eyes,0.4201182,0.02432913,-3.007231,0.8757142,0.1071034,0.4708008,0.0,0.0,0.0,0.0,0.0,0.0,0.0,-2.74153,-0.3594162,0.8980662,0.3198435,0.0172884,-2.889479,-0.08186565,0.5363377,0.007410245,0.8399911,351.6348,65.43644,355.6312,0.1516352,0.008868021,-0.9883964,0.0,0.0,0.0,1.448722,0.1669347,-2.47554,0.148592,-0.07033461,1.204558,0.4245739,-0.07536618,-0.9022511,-0.1002643,0.9864862,-0.129584,0.8998246,0.1454816,0.4112797,static,61.73667,12.81621,7.032371,-3.341728
2671,05/05/2023 15:40:20.963442,2878,True,True,True,True,Eyes,0.4161991,0.02418655,-3.001607,0.878686,0.1065009,0.4653693,0.0,0.0,0.0,0.0,0.0,0.0,0.0,-2.741651,-0.3606665,0.8743812,0.3172768,0.01841137,-2.882754,-0.08158942,0.5399119,0.006480694,0.8377329,351.7381,65.92638,355.5233,0.1503087,0.008782523,-0.9885998,0.0,0.0,0.0,1.448722,0.1669347,-2.47554,0.1478446,-0.07361681,1.206152,0.4169065,-0.077244,-0.9056612,-0.09896035,0.9866023,-0.1297023,0.9035462,0.1436983,0.4036769,static,62.09343,12.8903,6.988194,-3.492683
2672,05/05/2023 15:40:20.975453,2879,True,True,True,True,Eyes,0.4123468,0.02408194,-2.995967,0.8815276,0.1062872,0.4600132,0.0,0.0,0.0,0.0,0.0,0.0,0.0,-2.740623,-0.3595547,0.8551478,0.3147909,0.01912666,-2.876128,-0.08297347,0.5425849,0.008198283,0.8358528,351.5119,66.30702,355.5735,0.1490131,0.008702466,-0.9887967,0.0,0.0,0.0,1.448722,0.1669347,-2.47554,0.1460779,-0.07286672,1.207882,0.4110688,-0.07633518,-0.9084026,-0.1037454,0.9860964,-0.1298107,0.9056817,0.1476037,0.3974341,static,62.44281,13.01002,6.895705,-3.452245
2673,05/05/2023 15:40:20.993724,2880,True,True,True,True,Eyes,0.4085563,0.02405564,-2.990292,0.8842921,0.1061529,0.4547077,0.0,0.0,0.0,0.0,0.0,0.0,0.0,-2.738315,-0.3523452,0.8420438,0.3122102,0.01994412,-2.869439,-0.08252672,0.5445926,0.00946797,0.8345771,351.4854,66.57184,355.704,0.1477478,0.008628593,-0.9889872,0.0,0.0,0.0,1.448722,0.1669347,-2.47554,0.1441845,-0.07006653,1.209663,0.4066586,-0.07408337,-0.9105716,-0.1056904,0.9861994,-0.1274374,0.9074461,0.1480622,0.3932166,static,62.78753,13.14053,6.797242,-3.315003
2674,05/05/2023 15:40:21.015712,2881,True,True,True,True,Eyes,0.4048415,0.02409723,-2.984611,0.8869185,0.1065979,0.4494579,0.0,0.0,0.0,0.0,0.0,0.0,0.0,-2.735471,-0.3470118,0.8303244,0.3098721,0.02179177,-2.862893,-0.08253361,0.5462804,0.01108551,0.8334526,351.3912,66.79821,355.8417,0.1465107,0.008562826,-0.9891718,0.0,0.0,0.0,1.448722,0.1669347,-2.47554,0.1411459,-0.06788483,1.211263,0.4029096,-0.07169452,-0.9124275,-0.1086515,0.9861307,-0.1254641,0.9087678,0.1496873,0.3895318,static,63.12578,13.34232,6.64658,-3.207768
2675,05/05/2023 15:40:21.031992,2882,True,True,True,True,Eyes,0.4011881,0.02418492,-2.978881,0.8894602,0.1073321,0.44423,0.0,0.0,0.0,0.0,0.0,0.0,0.0,-2.73243,-0.345683,0.816903,0.307602,0.02333278,-2.856193,-0.08518042,0.5478447,0.01468651,0.8321027,350.9179,67.03854,355.9995,0.1453015,0.008506636,-0.9893506,0.0,0.0,0.0,1.448722,0.1669347,-2.47554,0.1376398,-0.06695239,1.212625,0.399301,-0.06888993,-0.9142281,-0.1177726,0.9850572,-0.1256659,0.909224,0.1578496,0.3852209,static,63.46072,13.58313,6.475683,-3.160251
2676,05/05/2023 15:40:21.047739,2883,True,True,True,True,Eyes,0.397613,0.02430223,-2.973131,0.8918672,0.1084136,0.439112,0.0,0.0,0.0,0.0,0.0,0.0,0.0,-2.729714,-0.3403046,0.8031012,0.3053968,0.0244633,-2.849254,-0.08721232,0.5495415,0.01850421,0.830696,350.4893,67.28774,356.2147,0.1441189,0.008460612,-0.9895239,0.0,0.0,0.0,1.448722,0.1669347,-2.47554,0.1339344,-0.06608039,1.213941,0.3953237,-0.0651108,-0.9162314,-0.1265963,0.9841032,-0.1245562,0.9097762,0.1652315,0.3807965,static,63.78661,13.86856,6.295994,-3.115799
2677,05/05/2023 15:40:21.063915,2884,True,True,True,True,Eyes,0.3940956,0.02448753,-2.967345,0.8941976,0.1095369,0.4340647,0.0,0.0,0.0,0.0,0.0,0.0,0.0,-2.726829,-0.3295516,0.7918128,0.3033493,0.02533381,-2.842271,-0.08790001,0.551039,0.02213552,0.8295418,350.1989,67.48986,356.5005,0.1429633,0.008424766,-0.9896919,0.0,0.0,0.0,1.448722,0.1669347,-2.47554,0.1308561,-0.06543521,1.215072,0.3917321,-0.06014799,-0.9181113,-0.1335973,0.9835672,-0.1214384,0.9103284,0.1702285,0.3772592,static,64.10696,14.16298,6.14673,-3.082569
2678,05/05/2023 15:40:21.074630,2885,True,True,True,True,Eyes,0.3906575,0.0247219,-2.961534,0.8965,0.1107417,0.4289801,0.0,0.0,0.0,0.0,0.0,0.0,0.0,-2.72353,-0.3201278,0.782259,0.3011969,0.02714339,-2.83559,-0.08754237,0.5524337,0.02444921,0.8285864,350.0909,67.66787,356.7291,0.1418332,0.00840037,-0.9898546,0.0,0.0,0.0,1.448722,0.1669347,-2.47554,0.1287089,-0.06342437,1.215916,0.3884384,-0.05620614,-0.9197589,-0.1372393,0.9834771,-0.1180597,0.9111976,0.172086,0.3743066,static,64.42863,14.47494,6.042453,-2.985945
2679,05/05/2023 15:40:21.093433,2886,True,True,True,True,Eyes,0.3872783,0.02497339,-2.955683,0.8987673,0.1119737,0.4238859,0.0,0.0,0.0,0.0,0.0,0.0,0.0,-2.720947,-0.3145817,0.767428,0.2994164,0.02852016,-2.828604,-0.08868727,0.5543551,0.02725596,0.8270925,349.8094,67.94016,356.899,0.1407279,0.008387949,-0.9900126,0.0,0.0,0.0,1.448722,0.1669347,-2.47554,0.1267559,-0.0661296,1.21614,0.383895,-0.05324208,-0.9218404,-0.1434149,0.9827834,-0.1164862,0.9121714,0.1769241,0.3696499,static,64.75002,14.79724,5.950342,-3.112486
2680,05/05/2023 15:40:21.113652,2887,True,True,True,True,Eyes,0.38395,0.02526342,-2.949781,0.9010949,0.1127484,0.4187072,0.0,0.0,0.0,0.0,0.0,0.0,0.0,-2.7194,-0.301324,0.7520688,0.2974187,0.02917802,-2.821743,-0.08800708,0.5566931,0.02978721,0.8255062,349.7196,68.24457,357.1568,0.1396474,0.008386937,-0.9901655,0.0,0.0,0.0,1.448722,0.1669347,-2.47554,0.124601,-0.06779295,1.216364,0.3784113,-0.0488068,-0.92435,-0.1471649,0.9827349,-0.1121361,0.9138641,0.1784654,0.3646953,static,65.07736,15.07099,5.848822,-3.190027
2681,05/05/2023 15:40:21.131796,2888,True,True,True,True,Eyes,0.3806754,0.02558817,-2.943843,0.903385,0.1135826,0.413515,0.0,0.0,0.0,0.0,0.0,0.0,0.0,-2.717043,-0.286283,0.7389987,0.2953208,0.03044498,-2.814651,-0.08507191,0.5589921,0.03035631,0.8242385,349.9692,68.51987,357.3768,0.1385902,0.008397541,-0.9903139,0.0,0.0,0.0,1.448722,0.1669347,-2.47554,0.1215684,-0.06416465,1.216866,0.3732127,-0.04506737,-0.9266506,-0.1451507,0.9836825,-0.1063012,0.9163207,0.174177,0.3605812,static,65.40456,15.35898,5.705084,-3.01838
2682,05/05/2023 15:40:21.144130,2889,True,True,True,True,Eyes,0.3774518,0.02589665,-2.937846,0.9057336,0.1142849,0.4081489,0.0,0.0,0.0,0.0,0.0,0.0,0.0,-2.714834,-0.2784759,0.723022,0.2933011,0.03158881,-2.807777,-0.08505215,0.5613165,0.03231787,0.8225847,349.8511,68.83662,357.5363,0.1375561,0.008419826,-0.990458,0.0,0.0,0.0,1.448722,0.1669347,-2.47554,0.1176026,-0.06385704,1.217052,0.3677588,-0.04231399,-0.928958,-0.1486507,0.9834434,-0.1036441,0.9179631,0.1762063,0.3553799,static,65.74234,15.64266,5.519302,-3.003478
2683,05/05/2023 15:40:21.163731,2890,True,True,True,True,Eyes,0.3742663,0.02620243,-2.931811,0.9080719,0.1148051,0.402772,0.0,0.0,0.0,0.0,0.0,0.0,0.0,-2.712854,-0.2689111,0.7059326,0.2914573,0.03148986,-2.800766,-0.08460011,0.563876,0.03388064,0.820816,349.7996,69.18261,357.683,0.1365443,0.008452131,-0.9905977,0.0,0.0,0.0,1.448722,0.1669347,-2.47554,0.113761,-0.06379034,1.217111,0.361792,-0.0397884,-0.9314094,-0.1510275,0.9833899,-0.1006733,0.9199442,0.1770912,0.3497734,static,66.08049,15.90953,5.339809,-3.0002
2684,05/05/2023 15:40:21.173791,2891,True,True,True,True,Eyes,0.3711272,0.02650911,-2.925745,0.9104069,0.1150775,0.3973868,0.0,0.0,0.0,0.0,0.0,0.0,0.0,-2.71016,-0.2617951,0.6901767,0.2891401,0.03177429,-2.793785,-0.08271787,0.5664869,0.03325608,0.8192341,350.0255,69.52567,357.7173,0.1355531,0.008493447,-0.9907334,0.0,0.0,0.0,1.448722,0.1669347,-2.47554,0.1103876,-0.06494769,1.216887,0.3559732,-0.03922816,-0.9336724,-0.1482062,0.9841036,-0.09785231,0.9226689,0.1732088,0.3445008,static,66.41904,16.15025,5.183292,-3.055091
2685,05/05/2023 15:40:21.193853,2892,True,True,True,True,Eyes,0.3680243,0.02681147,-2.919628,0.9127113,0.1153909,0.3919733,0.0,0.0,0.0,0.0,0.0,0.0,0.0,-2.706832,-0.2597307,0.6734955,0.286936,0.03213832,-2.786509,-0.08225865,0.5690073,0.03291777,0.8175456,350.0981,69.87596,357.6852,0.1345824,0.008542936,-0.9908653,0.0,0.0,0.0,1.448722,0.1669347,-2.47554,0.107862,-0.06823081,1.216195,0.3502944,-0.03978799,-0.9357942,-0.1474351,0.9842998,-0.09703947,0.9249631,0.1719613,0.3389285,static,66.75839,16.40362,5.068189,-3.211033
2686,05/05/2023 15:40:21.213624,2893,True,True,True,True,Eyes,0.3649528,0.02709073,-2.913434,0.9150408,0.1156223,0.3864348,0.0,0.0,0.0,0.0,0.0,0.0,0.0,-2.703163,-0.2613955,0.6559255,0.2846623,0.03231806,-2.779132,-0.08312247,0.5714936,0.03302336,0.8157176,350.0171,70.23943,357.6064,0.1336309,0.00859972,-0.9909936,0.0,0.0,0.0,1.448722,0.1669347,-2.47554,0.1055229,-0.06978618,1.215456,0.3446091,-0.04113244,-0.9378449,-0.1488834,0.9840003,-0.09786365,0.9268649,0.1733542,0.3329714,static,67.10497,16.65732,4.961838,-3.286067
2687,05/05/2023 15:40:21.227771,2894,True,True,True,True,Eyes,0.3619042,0.02734756,-2.907178,0.9173269,0.1158605,0.3809038,0.0,0.0,0.0,0.0,0.0,0.0,0.0,-2.699055,-0.2617428,0.6387451,0.2824821,0.03201974,-2.771386,-0.08411527,0.5738896,0.03349603,0.8139125,349.8997,70.59153,357.5538,0.132697,0.008662402,-0.9911186,0.0,0.0,0.0,1.448722,0.1669347,-2.47554,0.1034035,-0.0680213,1.214771,0.3390575,-0.04202009,-0.9398267,-0.1510714,0.9836053,-0.09847888,0.9285567,0.1753709,0.3271507,static,67.4502,16.91832,4.865394,-3.20494
2688,05/05/2023 15:40:21.244110,2895,True,True,True,True,Eyes,0.3588859,0.02758738,-2.900849,0.919602,0.1159973,0.3753357,0.0,0.0,0.0,0.0,0.0,0.0,0.0,-2.694324,-0.2614301,0.6239036,0.2799498,0.03173045,-2.763622,-0.08448947,0.5760705,0.0334932,0.8123316,349.8715,70.90677,357.5006,0.1317811,0.008729606,-0.9912402,0.0,0.0,0.0,1.448722,0.1669347,-2.47554,0.1017518,-0.0654732,1.213948,0.3340419,-0.04292862,-0.9415802,-0.151759,0.9834795,-0.09867804,0.9302608,0.1758558,0.3220086,static,67.79717,17.17374,4.791271,-3.087206
2689,05/05/2023 15:40:21.263750,2896,True,True,True,True,Eyes,0.3558917,0.02779395,-2.894449,0.9218278,0.1162769,0.3697475,0.0,0.0,0.0,0.0,0.0,0.0,0.0,-2.689536,-0.2603744,0.6079454,0.2776427,0.03156077,-2.755524,-0.08509708,0.5783447,0.03395076,0.8106316,349.7912,71.23763,357.4733,0.1308814,0.008800424,-0.9913588,0.0,0.0,0.0,1.448722,0.1669347,-2.47554,0.1008623,-0.06236055,1.212973,0.3287295,-0.04338778,-0.9434271,-0.153474,0.9832116,-0.09869425,0.9318706,0.1772352,0.3165518,static,68.14415,17.45714,4.753378,-2.943061
2690,05/05/2023 15:40:21.273923,2897,True,True,True,True,Eyes,0.352923,0.02794888,-2.887955,0.9240599,0.1164848,0.3640668,0.0,0.0,0.0,0.0,0.0,0.0,0.0,-2.685046,-0.2562766,0.5912651,0.2751956,0.03093435,-2.747371,-0.08620008,0.5806987,0.03565377,0.8087568,349.5814,71.58328,357.5267,0.1299969,0.008873446,-0.9914744,0.0,0.0,0.0,1.448722,0.1669347,-2.47554,0.1003039,-0.06142248,1.21156,0.3230357,-0.04244209,-0.9454347,-0.157783,0.9825967,-0.0980216,0.9331412,0.180838,0.3107172,static,68.49625,17.7423,4.732672,-2.902241
2691,05/05/2023 15:40:21.293897,2898,True,True,True,True,Eyes,0.3499695,0.02806349,-2.881398,0.9262707,0.1166755,0.3583428,0.0,0.0,0.0,0.0,0.0,0.0,0.0,-2.680855,-0.2465032,0.5740629,0.2729422,0.02986941,-2.73896,-0.08587068,0.5833148,0.03713956,0.8068401,349.5198,71.94619,357.6542,0.1291276,0.00894669,-0.9915873,0.0,0.0,0.0,1.448722,0.1669347,-2.47554,0.1015209,-0.05277709,1.210632,0.3167289,-0.04024792,-0.9476619,-0.1601106,0.9824938,-0.09523968,0.9349051,0.1818959,0.30474,static,68.85023,18.03511,4.793479,-2.496209
2692,05/05/2023 15:40:21.313905,2899,True,True,True,True,Eyes,0.3470303,0.02812696,-2.874753,0.9285058,0.1168161,0.3524641,0.0,0.0,0.0,0.0,0.0,0.0,0.0,-2.676888,-0.2371116,0.5561553,0.2703033,0.02902699,-2.730816,-0.08505727,0.5861704,0.03804022,0.8048121,349.5425,72.33937,357.7571,0.1282725,0.009018809,-0.9916977,0.0,0.0,0.0,1.448722,0.1669347,-2.47554,0.1021851,-0.05202759,1.20889,0.3099146,-0.03848564,-0.9499852,-0.1609466,0.9826365,-0.09231415,0.9370428,0.1815063,0.2983392,static,69.21306,18.33658,4.831617,-2.464346
2693,05/05/2023 15:40:21.332046,2900,True,True,True,True,Eyes,0.3440974,0.02813998,-2.868039,0.9307743,0.1168214,0.3464275,0.0,0.0,0.0,0.0,0.0,0.0,0.0,-2.673634,-0.2286972,0.5330148,0.2678228,0.0278901,-2.722539,-0.08499504,0.5896991,0.03930821,0.8021757,349.4716,72.84075,357.8328,0.1274302,0.009088238,-0.9918056,0.0,0.0,0.0,1.448722,0.1669347,-2.47554,0.1026763,-0.05235865,1.207356,0.3014197,-0.03717883,-0.9527664,-0.1633072,0.9824615,-0.09000187,0.9394024,0.1827219,0.2900617,static,69.5851,18.63501,4.860865,-2.483154
2694,05/05/2023 15:40:21.347816,2901,True,True,True,True,Eyes,0.3411646,0.02809941,-2.861235,0.9330817,0.1166262,0.3402306,0.0,0.0,0.0,0.0,0.0,0.0,0.0,-2.670631,-0.2196569,0.5066819,0.2649589,0.02672986,-2.714098,-0.08332447,0.5939736,0.03889515,0.7992118,349.6656,73.43336,357.8554,0.1266,0.009153503,-0.9919114,0.0,0.0,0.0,1.448722,0.1669347,-2.47554,0.1019545,-0.03018844,1.20778,0.291365,-0.03681416,-0.9559033,-0.161156,0.9830884,-0.08698242,0.9429396,0.1793932,0.2805047,static,69.96658,18.92098,4.825174,-1.431809
2695,05/05/2023 15:40:21.363810,2902,True,True,True,True,Eyes,0.3382157,0.02800738,-2.854352,0.9353897,0.116334,0.3339349,0.0,0.0,0.0,0.0,0.0,0.0,0.0,-2.66725,-0.2081315,0.4800843,0.2620392,0.02547726,-2.705312,-0.08179785,0.5982647,0.03930633,0.796143,349.7888,74.02995,357.9453,0.1257808,0.009213217,-0.992015,0.0,0.0,0.0,1.448722,0.1669347,-2.47554,0.09846953,-0.01851849,1.207571,0.2810689,-0.03528659,-0.9590386,-0.1604604,0.9835283,-0.08321437,0.946178,0.1772767,0.2707771,static,70.35339,19.20697,4.661781,-0.8785799
2696,05/05/2023 15:40:21.373746,2903,True,True,True,True,Eyes,0.3352495,0.02789535,-2.84736,0.9376906,0.1158313,0.3275965,0.0,0.0,0.0,0.0,0.0,0.0,0.0,-2.662921,-0.1929004,0.4583976,0.2586335,0.02419586,-2.696481,-0.07949725,0.6019849,0.04002381,0.7935317,349.9589,74.53358,358.1265,0.1249697,0.009266254,-0.992117,0.0,0.0,0.0,1.448722,0.1669347,-2.47554,0.09453699,-0.01920211,1.207808,0.2720246,-0.03219198,-0.9617517,-0.1592326,0.9841565,-0.07797971,0.9490245,0.1743546,0.2625888,static,70.74236,19.47253,4.475504,-0.9108292
2697,05/05/2023 15:40:21.393408,2904,True,True,True,True,Eyes,0.3322689,0.02776525,-2.840292,0.9399636,0.1153501,0.3211896,0.0,0.0,0.0,0.0,0.0,0.0,0.0,-2.657695,-0.180672,0.4392111,0.2554305,0.02368614,-2.68758,-0.07696706,0.6052995,0.039972,0.7912592,350.201,74.97988,358.2601,0.1241661,0.009312566,-0.9922175,0.0,0.0,0.0,1.448722,0.1669347,-2.47554,0.09143624,-0.0182513,1.208038,0.2640296,-0.02991983,-0.9640505,-0.1564326,0.9849566,-0.07341173,0.9517443,0.1701918,0.2553773,static,71.13448,19.75493,4.328455,-0.8655711
2698,05/05/2023 15:40:21.414037,2905,True,True,True,True,Eyes,0.3292729,0.02758121,-2.833127,0.9421959,0.1149777,0.3147174,0.0,0.0,0.0,0.0,0.0,0.0,0.0,-2.652232,-0.1706284,0.4192386,0.2520362,0.02313596,-2.678648,-0.07607263,0.608565,0.04108618,0.7887798,350.2112,75.44064,358.3849,0.1233694,0.009352174,-0.9923165,0.0,0.0,0.0,1.448722,0.1669347,-2.47554,0.09094551,-0.02388773,1.208005,0.2559211,-0.02777439,-0.9662986,-0.1574062,0.9850498,-0.07000187,0.9537964,0.1700163,0.2477232,static,71.52937,20.06909,4.305432,-1.13285
2699,05/05/2023 15:40:21.433580,2906,True,True,True,True,Eyes,0.3262429,0.02736152,-2.825891,0.9444057,0.1144728,0.3082106,0.0,0.0,0.0,0.0,0.0,0.0,0.0,-2.646652,-0.156034,0.3994992,0.2487239,0.0216867,-2.669528,-0.07506568,0.6118231,0.04308552,0.786245,350.1679,75.89771,358.5983,0.1225774,0.009383929,-0.9924144,0.0,0.0,0.0,1.448722,0.1669347,-2.47554,0.09260947,-0.02535377,1.207975,0.2476322,-0.02410229,-0.9685544,-0.1596054,0.9850176,-0.06531862,0.9556173,0.1707615,0.2400752,static,71.9257,20.37556,4.38401,-1.202385
2700,05/05/2023 15:40:21.443665,2907,True,True,True,True,Eyes,0.3231825,0.02712987,-2.818583,0.9465648,0.114003,0.3016926,0.0,0.0,0.0,0.0,0.0,0.0,0.0,-2.640486,-0.1415669,0.382637,0.2448073,0.02067313,-2.6605,-0.07231408,0.614928,0.04341805,0.7840594,350.3985,76.31507,358.7882,0.1217888,0.009407353,-0.9925112,0.0,0.0,0.0,1.448722,0.1669347,-2.47554,0.09501573,-0.02920672,1.207562,0.2399569,-0.02085125,-0.9705597,-0.1570206,0.9857711,-0.05999914,0.9580007,0.166795,0.2332685,static,72.32169,20.70047,4.498987,-1.385515
2701,05/05/2023 15:40:21.463843,2908,True,True,True,True,Eyes,0.3200838,0.02696759,-2.811204,0.9487023,0.1133551,0.2951517,0.0,0.0,0.0,0.0,0.0,0.0,0.0,-2.634121,-0.1286604,0.365644,0.2409659,0.02019667,-2.651484,-0.07041822,0.6179334,0.04440309,0.7818109,350.5037,76.72971,358.9777,0.1210014,0.009422865,-0.9926073,0.0,0.0,0.0,1.448722,0.1669347,-2.47554,0.09775439,-0.0407716,1.206836,0.2323734,-0.01759791,-0.9724676,-0.1564572,0.9861392,-0.05523115,0.9599604,0.1649838,0.2263992,static,72.71851,21.00964,4.630878,-1.934937
2702,05/05/2023 15:40:21.473980,2909,True,True,True,True,Eyes,0.3169762,0.0268693,-2.803775,0.9507583,0.113045,0.288582,0.0,0.0,0.0,0.0,0.0,0.0,0.0,-2.626861,-0.1281002,0.3486726,0.2368806,0.02174418,-2.642309,-0.06866264,0.6208946,0.0427559,0.7797099,350.7834,77.14865,358.9209,0.1202139,0.009433695,-0.992703,0.0,0.0,0.0,1.448722,0.1669347,-2.47554,0.1002982,-0.05108258,1.20602,0.2253237,-0.01859012,-0.9741066,-0.1519389,0.9869148,-0.05398005,0.9623637,0.1601677,0.2195507,static,73.11548,21.39156,4.754044,-2.425389
2703,05/05/2023 15:40:21.493623,2910,True,True,True,True,Eyes,0.313853,0.02667792,-2.796257,0.9527128,0.113243,0.2819827,0.0,0.0,0.0,0.0,0.0,0.0,0.0,-2.618999,-0.1421669,0.3265889,0.2332755,0.02307344,-2.632694,-0.07350076,0.6238393,0.04382164,0.7768538,350.2776,77.64803,358.6269,0.1194263,0.009442567,-0.992798,0.0,0.0,0.0,1.448722,0.1669347,-2.47554,0.1034625,-0.0582799,1.205122,0.2178082,-0.02361932,-0.9757058,-0.1597913,0.9853546,-0.05952336,0.962822,0.168874,0.2108442,static,73.51237,21.88018,4.906944,-2.768676
2704,05/05/2023 15:40:21.513612,2911,True,True,True,True,Eyes,0.310661,0.02648959,-2.788647,0.9546527,0.1128456,0.275507,0.0,0.0,0.0,0.0,0.0,0.0,0.0,-2.611032,-0.1409501,0.3093264,0.2297447,0.02051639,-2.622943,-0.0782489,0.6261519,0.04794368,0.7742819,349.5595,78.05047,358.6163,0.1186379,0.009446398,-0.9928924,0.0,0.0,0.0,1.448722,0.1669347,-2.47554,0.106726,-0.06251138,1.204447,0.2112706,-0.02374754,-0.9771391,-0.1722352,0.983157,-0.06113339,0.962133,0.1812135,0.203622,static,73.90218,22.27363,5.063749,-2.971012
2705,05/05/2023 15:40:21.524032,2912,True,True,True,True,Eyes,0.3074562,0.02639081,-2.780966,0.9565086,0.1125243,0.2691275,0.0,0.0,0.0,0.0,0.0,0.0,0.0,-2.601575,-0.1385917,0.3045146,0.2248914,0.02054801,-2.613261,-0.07255039,0.6279154,0.04258065,0.773722,350.4597,78.24452,358.5346,0.1178471,0.009445813,-0.9929866,0.0,0.0,0.0,1.448722,0.1669347,-2.47554,0.1083747,-0.06992303,1.203362,0.2078183,-0.02521984,-0.9778424,-0.1570022,0.9858466,-0.05879358,0.9654855,0.1657418,0.2009174,static,74.28529,22.69017,5.146169,-3.325511
2706,05/05/2023 15:40:21.547410,2913,True,True,True,True,Eyes,0.3042343,0.02632928,-2.773198,0.9582903,0.1125426,0.2627049,0.0,0.0,0.0,0.0,0.0,0.0,0.0,-2.592494,-0.1459895,0.2951128,0.2213497,0.02256556,-2.603829,-0.07396027,0.6293451,0.04231539,0.7724403,350.3562,78.47873,358.3887,0.1170518,0.009444451,-0.9930807,0.0,0.0,0.0,1.448722,0.1669347,-2.47554,0.10893,-0.07287493,1.202978,0.2042682,-0.02772086,-0.9785224,-0.1584653,0.9854786,-0.06099781,0.9660037,0.1675218,0.1969091,static,74.66962,23.19025,5.174037,-3.466672
2707,05/05/2023 15:40:21.563834,2914,True,True,True,True,Eyes,0.3009873,0.02630912,-2.765359,0.9600425,0.1123902,0.2562948,0.0,0.0,0.0,0.0,0.0,0.0,0.0,-2.583901,-0.1473879,0.2829938,0.2177694,0.02329004,-2.594299,-0.07750107,0.6309835,0.04546093,0.7705756,349.8159,78.76838,358.3849,0.116252,0.009443749,-0.9931747,0.0,0.0,0.0,1.448722,0.1669347,-2.47554,0.1100757,-0.0692023,1.202935,0.1995863,-0.02774162,-0.9794875,-0.167866,0.9838538,-0.06207069,0.9653944,0.1768111,0.1917069,static,75.05279,23.67838,5.22834,-3.292475
2708,05/05/2023 15:40:21.573594,2915,True,True,True,True,Eyes,0.2977313,0.02634789,-2.757451,0.9617429,0.112284,0.2498861,0.0,0.0,0.0,0.0,0.0,0.0,0.0,-2.575339,-0.1481298,0.2693026,0.2138665,0.02429866,-2.584668,-0.07620449,0.6334559,0.0438433,0.768768,350.0544,79.12375,358.3051,0.1154477,0.009445154,-0.9932684,0.0,0.0,0.0,1.448722,0.1669347,-2.47554,0.1105549,-0.07308349,1.202553,0.1936227,-0.02913373,-0.9806433,-0.163955,0.9845412,-0.06162155,0.9672792,0.1727127,0.1858529,static,75.43511,24.19633,5.252636,-3.477794
2709,05/05/2023 15:40:21.593514,2916,True,True,True,True,Eyes,0.2944671,0.02643299,-2.749494,0.9633757,0.1123437,0.2434878,0.0,0.0,0.0,0.0,0.0,0.0,0.0,-2.567078,-0.1432296,0.2566736,0.2103647,0.02573439,-2.575145,-0.07636518,0.6355498,0.04541648,0.7669305,349.9294,79.43714,358.405,0.1146383,0.009450614,-0.9933621,0.0,0.0,0.0,1.448722,0.1669347,-2.47554,0.1103812,-0.07432522,1.20236,0.1880277,-0.02740517,-0.9817814,-0.1667303,0.9842114,-0.05940469,0.9679084,0.1748624,0.1804898,static,75.81586,24.7683,5.245265,-3.5373
2710,05/05/2023 15:40:21.613748,2917,True,True,True,True,Eyes,0.2912048,0.0265433,-2.741511,0.9649726,0.1124194,0.2370439,0.0,0.0,0.0,0.0,0.0,0.0,0.0,-2.559286,-0.1365388,0.2431674,0.2068639,0.02690461,-2.56597,-0.07693335,0.6377548,0.04781293,0.7648948,349.7072,79.77248,358.5449,0.1138237,0.009461442,-0.9934556,0.0,0.0,0.0,1.448722,0.1669347,-2.47554,0.1103416,-0.0699863,1.202957,0.1819656,-0.02498551,-0.9829874,-0.1712729,0.9835904,-0.056706,0.9682738,0.1786777,0.1747003,static,76.19866,25.37291,5.240808,-3.329633
2711,05/05/2023 15:40:21.633582,2918,True,True,True,True,Eyes,0.2879573,0.02666883,-2.733503,0.9665174,0.1126227,0.230565,0.0,0.0,0.0,0.0,0.0,0.0,0.0,-2.551774,-0.1293797,0.228529,0.2035367,0.02762549,-2.557015,-0.07648378,0.6402494,0.04915384,0.7627679,349.6524,80.13966,358.6631,0.1130049,0.009478045,-0.9935489,0.0,0.0,0.0,1.448722,0.1669347,-2.47554,0.110601,-0.06878415,1.203185,0.1753294,-0.02295143,-0.9842421,-0.1729233,0.9834683,-0.05373731,0.9692043,0.1796202,0.168462,static,76.58273,26.03385,5.25207,-3.271946
2712,05/05/2023 15:40:21.643934,2919,True,True,True,True,Eyes,0.2847206,0.02680133,-2.725461,0.968067,0.1127352,0.223913,0.0,0.0,0.0,0.0,0.0,0.0,0.0,-2.544589,-0.1232671,0.2116995,0.200598,0.02809147,-2.548316,-0.07698958,0.6429287,0.05104464,0.7603354,349.4722,80.54955,358.7542,0.1121811,0.009500473,-0.9936421,0.0,0.0,0.0,1.448722,0.1669347,-2.47554,0.1108859,-0.07055699,1.20335,0.1680745,-0.02137552,-0.9855427,-0.1766197,0.9829341,-0.0514397,0.969823,0.1827119,0.1614308,static,76.97656,26.72424,5.264804,-3.355628
2713,05/05/2023 15:40:21.663788,2920,True,True,True,True,Eyes,0.2815035,0.02694144,-2.717401,0.9695848,0.1128214,0.2172021,0.0,0.0,0.0,0.0,0.0,0.0,0.0,-2.537127,-0.1210442,0.1942468,0.1976034,0.02838533,-2.539595,-0.07706514,0.645771,0.05136096,0.7578938,349.4467,80.98269,358.7363,0.1113538,0.009528428,-0.9937349,0.0,0.0,0.0,1.448722,0.1669347,-2.47554,0.1117091,-0.07261698,1.203366,0.160684,-0.02168055,-0.9867678,-0.1773852,0.9828461,-0.05047956,0.9709352,0.1831492,0.1540818,static,77.37331,27.44875,5.303596,-3.453319
2714,05/05/2023 15:40:21.673720,2921,True,True,True,True,Eyes,0.2783214,0.02707355,-2.709317,0.9710784,0.1128535,0.2104062,0.0,0.0,0.0,0.0,0.0,0.0,0.0,-2.529758,-0.1211562,0.1750867,0.1947962,0.02870471,-2.531055,-0.07714738,0.6488536,0.0509976,0.7552726,349.4721,81.4556,358.6548,0.1105223,0.009561732,-0.9938273,0.0,0.0,0.0,1.448722,0.1669347,-2.47554,0.1133628,-0.07282835,1.203804,0.1527766,-0.02308052,-0.9879913,-0.1771489,0.9828951,-0.05035464,0.972254,0.1827146,0.1460746,static,77.77454,28.20734,5.379704,-3.462089
2715,05/05/2023 15:40:21.693409,2922,True,True,True,True,Eyes,0.2751718,0.02719441,-2.701234,0.9725403,0.1128848,0.2035249,0.0,0.0,0.0,0.0,0.0,0.0,0.0,-2.522601,-0.1180009,0.1548994,0.1924434,0.02862526,-2.522613,-0.07768942,0.6519943,0.05184586,0.7524493,349.3668,81.94393,358.6425,0.1096889,0.009599587,-0.9939194,0.0,0.0,0.0,1.448722,0.1669347,-2.47554,0.1149502,-0.07426175,1.203917,0.1444309,-0.02328336,-0.989241,-0.1793289,0.9825528,-0.0493083,0.9731296,0.1845211,0.1377356,static,78.18021,29.01488,5.45408,-3.52973
2716,05/05/2023 15:40:21.714048,2923,True,True,True,True,Eyes,0.2720678,0.02731417,-2.693161,0.9739884,0.1127404,0.1965606,0.0,0.0,0.0,0.0,0.0,0.0,0.0,-2.515785,-0.1109098,0.134222,0.1900054,0.02848389,-2.514474,-0.07703331,0.6553768,0.05257532,0.7495219,349.3745,82.45259,358.7081,0.1088541,0.009641172,-0.9940107,0.0,0.0,0.0,1.448722,0.1669347,-2.47554,0.1163194,-0.07817437,1.204123,0.1354342,-0.022159,-0.9905385,-0.1797844,0.9826034,-0.04656301,0.9743384,0.1843896,0.1290942,static,78.59039,29.8371,5.517709,-3.714559
2717,05/05/2023 15:40:21.732192,2924,True,True,True,True,Eyes,0.2690166,0.02745063,-2.685097,0.9753981,0.1126621,0.1894886,0.0,0.0,0.0,0.0,0.0,0.0,0.0,-2.508991,-0.1011267,0.1120329,0.1878828,0.02861861,-2.506331,-0.07559042,0.6590281,0.05332197,0.746408,349.4482,82.99251,358.8324,0.1080202,0.009686072,-0.9941013,0.0,0.0,0.0,1.448722,0.1669347,-2.47554,0.1172536,-0.07867705,1.204449,0.1256775,-0.02003254,-0.9918689,-0.1792323,0.9828857,-0.04256123,0.9757463,0.1831239,0.1199362,static,79.0062,30.73396,5.560247,-3.737368
2718,05/05/2023 15:40:21.743945,2925,True,True,True,True,Eyes,0.2660347,0.02757355,-2.677052,0.9767531,0.1126545,0.1823798,0.0,0.0,0.0,0.0,0.0,0.0,0.0,-2.502291,-0.09024586,0.08947945,0.1860348,0.02915935,-2.49843,-0.07483017,0.6626145,0.05514811,0.7431697,349.3793,83.53397,358.9974,0.107187,0.009734678,-0.994191,0.0,0.0,0.0,1.448722,0.1669347,-2.47554,0.1173931,-0.07771485,1.205419,0.1158014,-0.01719831,-0.9931235,-0.1811359,0.9827182,-0.03813916,0.9766166,0.1843069,0.1106849,static,79.4235,31.70327,5.562369,-3.688825
2719,05/05/2023 15:40:21.763938,2926,True,True,True,True,Eyes,0.2631173,0.02768188,-2.669029,0.9780618,0.1126431,0.175233,0.0,0.0,0.0,0.0,0.0,0.0,0.0,-2.495432,-0.07709498,0.06812143,0.1846225,0.02895643,-2.49055,-0.07485629,0.6658986,0.05817436,0.7399942,349.1486,84.04153,359.2068,0.1063575,0.009786104,-0.9942795,0.0,0.0,0.0,1.448722,0.1669347,-2.47554,0.1154439,-0.07847371,1.206391,0.1063896,-0.01359601,-0.9942317,-0.1857908,0.9820246,-0.03331,0.9768128,0.1882629,0.1019512,static,79.84246,32.73369,5.466196,-3.721751
2720,05/05/2023 15:40:21.774611,2927,True,True,True,True,Eyes,0.2602795,0.02781939,-2.661023,0.9793404,0.1123645,0.1681271,0.0,0.0,0.0,0.0,0.0,0.0,0.0,-2.48859,-0.06289499,0.04999208,0.1831977,0.02874225,-2.482972,-0.07305041,0.6689118,0.0598298,0.7373201,349.1776,84.48241,359.4458,0.1055323,0.009839607,-0.9943669,0.0,0.0,0.0,1.448722,0.1669347,-2.47554,0.1117071,-0.07368709,1.208285,0.09795461,-0.009501127,-0.9951456,-0.185956,0.9821681,-0.02768134,0.9776632,0.1877648,0.09444109,static,80.25877,33.75603,5.282031,-3.489852
2721,05/05/2023 15:40:21.793445,2928,True,True,True,True,Eyes,0.2575293,0.02797303,-2.653038,0.9805544,0.1122143,0.1610001,0.0,0.0,0.0,0.0,0.0,0.0,0.0,-2.481371,-0.05393943,0.0327394,0.1821988,0.02965005,-2.475299,-0.0710194,0.6717222,0.06017052,0.7349321,349.3258,84.8921,359.5937,0.1047137,0.009896087,-0.9944529,0.0,0.0,0.0,1.448722,0.1669347,-2.47554,0.108188,-0.07040846,1.210107,0.09033749,-0.006968108,-0.995887,-0.1838531,0.9826715,-0.02355311,0.9787939,0.1852246,0.08749098,static,80.67564,34.87583,5.108872,-3.329925
2722,05/05/2023 15:40:21.814090,2929,True,True,True,True,Eyes,0.2548618,0.02808478,-2.645062,0.9817253,0.1118095,0.1539934,0.0,0.0,0.0,0.0,0.0,0.0,0.0,-2.474085,-0.04798891,0.01446962,0.1815098,0.03016724,-2.467743,-0.07142176,0.6744018,0.06184424,0.7322953,349.1628,85.31843,359.6641,0.103904,0.009955872,-0.9945372,0.0,0.0,0.0,1.448722,0.1669347,-2.47554,0.1066479,-0.06625243,1.212327,0.08271486,-0.005757447,-0.9965567,-0.1869104,0.9821484,-0.0211879,0.9788886,0.1880194,0.08016213,static,81.08523,35.98215,5.027344,-3.128044
2723,05/05/2023 15:40:21.833939,2930,True,True,True,True,Eyes,0.2522745,0.02819719,-2.637112,0.9828693,0.111117,0.1470403,0.0,0.0,0.0,0.0,0.0,0.0,0.0,-2.466945,-0.03616359,-0.0002112389,0.1808151,0.02934796,-2.460401,-0.06951069,0.6768318,0.06270693,0.7301607,349.2577,85.67258,359.8529,0.1031046,0.01001712,-0.9946199,0.0,0.0,0.0,1.448722,0.1669347,-2.47554,0.1063611,-0.06114224,1.214238,0.07593293,-0.002521811,-0.9971097,-0.1856664,0.9824722,-0.01662385,0.9796745,0.1863921,0.07413381,static,81.49148,37.07801,5.006043,-2.88266
2724,05/05/2023 15:40:21.843935,2931,True,True,True,True,Eyes,0.2497763,0.02832411,-2.629175,0.983964,0.1103095,0.140167,0.0,0.0,0.0,0.0,0.0,0.0,0.0,-2.4596,-0.02951063,-0.01309037,0.180106,0.02956891,-2.453031,-0.06587987,0.6791316,0.06091037,0.7285123,349.7047,85.98558,359.9572,0.1023163,0.0100798,-0.9947006,0.0,0.0,0.0,1.448722,0.1669347,-2.47554,0.1060003,-0.06093471,1.216157,0.0701406,-0.0007343059,-0.9975369,-0.1782301,0.9838995,-0.01325629,0.9814858,0.1787209,0.06888043,static,81.89268,38.20226,4.981311,-2.868366
2725,05/05/2023 15:40:21.863424,2932,True,True,True,True,Eyes,0.2473765,0.02843215,-2.621268,0.9849933,0.1095954,0.1333299,0.0,0.0,0.0,0.0,0.0,0.0,0.0,-2.452315,-0.02608309,-0.02692389,0.1797353,0.03010131,-2.445822,-0.06520385,0.6812308,0.06103269,0.7266003,349.752,86.30914,359.9915,0.1015417,0.01014428,-0.9947793,0.0,0.0,0.0,1.448722,0.1669347,-2.47554,0.1057696,-0.06112531,1.218113,0.06439897,-0.0001450068,-0.9979244,-0.1775305,0.9840469,-0.01159957,0.9820061,0.177909,0.06334584,static,82.29123,39.41976,4.962587,-2.872711
2726,05/05/2023 15:40:21.873835,2933,True,True,True,True,Eyes,0.2450828,0.02851939,-2.613424,0.9859711,0.1087338,0.1266416,0.0,0.0,0.0,0.0,0.0,0.0,0.0,-2.444936,-0.02033552,-0.04111266,0.1796571,0.02974762,-2.438576,-0.06517681,0.6833088,0.06213482,0.7245554,349.6674,86.63864,0.05640402,0.1007833,0.01020965,-0.9948558,0.0,0.0,0.0,1.448722,0.1669347,-2.47554,0.1063235,-0.05595632,1.220892,0.05845682,0.0009684816,-0.9982896,-0.179112,0.9837825,-0.009533871,0.9820905,0.179363,0.05768226,static,82.68081,40.6492,4.977146,-2.624162
2727,05/05/2023 15:40:21.893812,2934,True,True,True,True,Eyes,0.2428963,0.02860757,-2.605614,0.9868891,0.1079418,0.1199938,0.0,0.0,0.0,0.0,0.0,0.0,0.0,-2.437644,-0.01729416,-0.05484176,0.1798183,0.02939733,-2.431504,-0.06383187,0.6854129,0.06130155,0.7227564,349.8455,86.95609,0.06459926,0.1000429,0.01027502,-0.9949299,0.0,0.0,0.0,1.448722,0.1669347,-2.47554,0.1069684,-0.0539755,1.223441,0.05290254,0.001109815,-0.9985992,-0.1761145,0.9843352,-0.008236036,0.9829472,0.1763035,0.0522693,static,83.06755,41.97332,4.996802,-2.526124
2728,05/05/2023 15:40:21.913866,2935,True,True,True,True,Eyes,0.2408253,0.02866699,-2.597847,0.9877462,0.1071658,0.1134586,0.0,0.0,0.0,0.0,0.0,0.0,0.0,-2.43031,-0.01537569,-0.06897855,0.1801685,0.02949633,-2.424474,-0.06408121,0.6873968,0.06172097,0.7208119,349.7913,87.27682,0.05123023,0.09932107,0.01034057,-0.9950014,0.0,0.0,0.0,1.448722,0.1669347,-2.47554,0.1079068,-0.04983734,1.226101,0.04735244,0.0008799848,-0.9988778,-0.1770769,0.9841682,-0.007527408,0.9830572,0.1772346,0.04675857,static,83.44737,43.3662,5.029534,-2.327621
2729,05/05/2023 15:40:21.932384,2936,True,True,True,True,Eyes,0.2388707,0.02869091,-2.590111,0.988557,0.1063891,0.1069418,0.0,0.0,0.0,0.0,0.0,0.0,0.0,-2.422862,-0.01342185,-0.08426261,0.1808219,0.02887651,-2.417438,-0.06468721,0.6895003,0.06223259,0.7187018,349.7001,87.62278,0.01453754,0.09861985,0.01040519,-0.9950706,0.0,0.0,0.0,1.448722,0.1669347,-2.47554,0.1080003,-0.06181777,1.227688,0.04143301,0.000249641,-0.9991413,-0.178657,0.9838854,-0.00716286,0.9830387,0.1788004,0.04080991,static,83.82578,44.85157,5.027396,-2.882579
2730,05/05/2023 15:40:21.948728,2937,True,True,True,True,Eyes,0.2370394,0.0286743,-2.582408,0.9893235,0.1055818,0.1004563,0.0,0.0,0.0,0.0,0.0,0.0,0.0,-2.415328,-0.01317304,-0.09977221,0.1816223,0.02804769,-2.410427,-0.0647391,0.6916789,0.06170687,0.716646,349.7378,87.97454,359.9352,0.09794234,0.01046753,-0.9951369,0.0,0.0,0.0,1.448722,0.1669347,-2.47554,0.1100233,-0.07500987,1.229366,0.03554485,-0.0011134,-0.9993677,-0.1780013,0.9840022,-0.007427339,0.9833882,0.1781527,0.03477801,static,84.20204,46.42502,5.114118,-3.491579
2731,05/05/2023 15:40:21.963835,2938,True,True,True,True,Eyes,0.2353379,0.02862599,-2.574729,0.9900478,0.1047778,0.0939528,0.0,0.0,0.0,0.0,0.0,0.0,0.0,-2.40789,-0.01395711,-0.1163023,0.1827708,0.02691442,-2.403648,-0.06527838,0.6939298,0.06120899,0.7144604,349.7335,88.34608,359.8175,0.09728841,0.01052644,-0.9952003,0.0,0.0,0.0,1.448722,0.1669347,-2.47554,0.1159737,-0.05592629,1.233523,0.02942985,-0.003134399,-0.999562,-0.17806,0.9839844,-0.008328146,0.9835795,0.1782271,0.02840038,static,84.57903,48.11786,5.371058,-2.595936
2732,05/05/2023 15:40:21.981233,2939,True,True,True,True,Eyes,0.233773,0.02851366,-2.567116,0.990732,0.1039057,0.08748539,0.0,0.0,0.0,0.0,0.0,0.0,0.0,-2.399872,-0.01558141,-0.1345162,0.1841403,0.0260965,-2.396484,-0.06570309,0.6964068,0.06041218,0.7120751,349.7634,88.75386,359.6812,0.09666267,0.01058084,-0.9952607,0.0,0.0,0.0,1.448722,0.1669347,-2.47554,0.1211772,-0.06004853,1.235092,0.02273583,-0.005476153,-0.9997265,-0.1775482,0.984067,-0.009428182,0.9838494,0.177714,0.02140128,static,84.95365,49.90366,5.603461,-2.783452
2733,05/05/2023 15:40:21.996898,2940,True,True,True,True,Eyes,0.2323575,0.02834553,-2.55954,0.991377,0.102994,0.08101781,0.0,0.0,0.0,0.0,0.0,0.0,0.0,-2.39228,-0.01394426,-0.1517379,0.1857485,0.02465011,-2.389793,-0.06546567,0.6987865,0.05978017,0.7098156,349.835,89.13711,359.6142,0.09606533,0.01062882,-0.9953181,0.0,0.0,0.0,1.448722,0.1669347,-2.47554,0.125373,-0.07268113,1.23652,0.01624753,-0.006627264,-0.999846,-0.1763588,0.9842811,-0.009389936,0.9841919,0.1764843,0.01482334,static,85.32803,51.81047,5.789539,-3.363906
2734,05/05/2023 15:40:22.015194,2941,True,True,True,True,Eyes,0.2310824,0.02812184,-2.551999,0.9919958,0.1018861,0.07458967,0.0,0.0,0.0,0.0,0.0,0.0,0.0,-2.384559,-0.01039051,-0.1688466,0.1878817,0.02316021,-2.383045,-0.06473562,0.7011234,0.0592331,0.7076206,349.9402,89.50708,359.5958,0.09549988,0.01066876,-0.995372,0.0,0.0,0.0,1.448722,0.1669347,-2.47554,0.1279248,-0.06875432,1.239367,0.009834758,-0.006946206,-0.9999276,-0.1746044,0.9846014,-0.008557083,0.9845897,0.1746759,0.008470434,static,85.69994,53.79255,5.893079,-3.175249
2735,05/05/2023 15:40:22.023793,2942,True,True,True,True,Eyes,0.2299588,0.02784789,-2.544488,0.9925832,0.1006871,0.06812294,0.0,0.0,0.0,0.0,0.0,0.0,0.0,-2.376348,-0.007080082,-0.1863396,0.1899334,0.02167252,-2.375974,-0.06325894,0.7035983,0.05798566,0.7053974,350.1632,89.88977,359.5806,0.09496827,0.01069925,-0.9954226,0.0,0.0,0.0,1.448722,0.1669347,-2.47554,0.1311856,-0.07341768,1.241285,0.003174372,-0.007211893,-0.999969,-0.1708236,0.9852719,-0.007648177,0.9852966,0.1708426,0.0018956,static,86.07383,55.91849,6.032928,-3.384903
2736,05/05/2023 15:40:22.043980,2943,True,True,True,True,Eyes,0.2289862,0.02751878,-2.536995,0.9931401,0.09933148,0.06169289,0.0,0.0,0.0,0.0,0.0,0.0,0.0,-2.368061,-0.002756734,-0.2057736,0.192405,0.02022874,-2.3691,-0.06182603,0.7062989,0.05703295,0.7028988,350.3587,90.31157,359.584,0.09447293,0.01071923,-0.9954695,0.0,0.0,0.0,1.448722,0.1669347,-2.47554,0.1335854,-0.08009232,1.243277,-0.004221724,-0.007158528,-0.9999655,-0.1675121,0.9858496,-0.006350262,0.9858609,0.1674795,-0.005361123,static,86.44541,58.15637,6.132685,-3.68592
2737,05/05/2023 15:40:22.063572,2944,True,True,True,True,Eyes,0.2281651,0.02713923,-2.529525,0.9936651,0.097863,0.05524793,0.0,0.0,0.0,0.0,0.0,0.0,0.0,-2.35927,0.004509337,-0.2252402,0.1950143,0.01864012,-2.361891,-0.06015591,0.7090113,0.0566674,0.700338,350.5251,90.73374,359.6555,0.09401568,0.01072754,-0.9955127,0.0,0.0,0.0,1.448722,0.1669347,-2.47554,0.134929,-0.0826936,1.245587,-0.01181616,-0.005929773,-0.9999127,-0.1646751,0.9863402,-0.003903298,0.9862772,0.1646146,-0.01263122,static,86.81763,60.55338,6.182493,-3.79825
2738,05/05/2023 15:40:22.073822,2945,True,True,True,True,Eyes,0.227495,0.02671327,-2.522069,0.9941483,0.09632795,0.04888921,0.0,0.0,0.0,0.0,0.0,0.0,0.0,-2.350708,0.01475171,-0.2427657,0.197794,0.01711089,-2.354902,-0.05739823,0.7114929,0.05629798,0.6980786,350.7787,91.10489,359.8214,0.09359721,0.01072329,-0.9955513,0.0,0.0,0.0,1.448722,0.1669347,-2.47554,0.135086,-0.08771306,1.247576,-0.0187834,-0.003076031,-0.9998189,-0.1602777,0.987072,-2.572546e-05,0.9868932,0.1602482,-0.01903354,static,87.18463,63.0909,6.179843,-4.021665
2739,05/05/2023 15:40:22.093653,2946,True,True,True,True,Eyes,0.2269791,0.02624027,-2.514654,0.9945945,0.09472287,0.04253655,0.0,0.0,0.0,0.0,0.0,0.0,0.0,-2.342115,0.02724687,-0.2588749,0.2007174,0.01564719,-2.34792,-0.05485487,0.713721,0.05680558,0.6959645,350.9416,91.4398,0.04451167,0.09322069,0.0107058,-0.9955863,0.0,0.0,0.0,1.448722,0.1669347,-2.47554,0.1348231,-0.08899061,1.25,-0.02524904,0.0007671708,-0.999681,-0.1573715,0.9875281,0.00473258,0.9872168,0.1574407,-0.0248134,static,87.55108,65.81691,6.156038,-4.072158
2740,05/05/2023 15:40:22.113433,2947,True,True,True,True,Eyes,0.226616,0.025724,-2.507269,0.9950052,0.09303539,0.03618009,0.0,0.0,0.0,0.0,0.0,0.0,0.0,-2.333859,0.03866684,-0.2750967,0.2038737,0.01410021,-2.341432,-0.05218485,0.7159343,0.05691917,0.693884,351.1458,91.77297,0.247532,0.09288784,0.01067443,-0.9956174,0.0,0.0,0.0,1.448722,0.1669347,-2.47554,0.1335316,-0.08906135,1.2525,-0.03160356,0.004268754,-0.9994914,-0.1537124,0.9880739,0.009080324,0.98761,0.1539212,-0.03057047,static,87.91755,68.74967,6.085435,-4.067277
3042,05/05/2023 15:40:27.145254,3249,True,True,True,True,Eyes,1.940486,-0.05476767,-1.808377,-0.4957848,-0.5059773,-0.7058217,0.0,0.0,0.0,0.0,0.0,0.0,0.0,2.814876,0.102217,0.05167961,2.085258,-0.0443344,-1.893774,-0.09293395,0.9004979,-0.2189169,-0.3640634,27.51212,223.9,359.4848,0.7268584,-0.0212634,-0.6864578,0.0,0.0,0.0,1.44132,-0.5344247,-2.476983,0.03827873,-0.02392298,0.9798273,-0.7176421,-0.007974333,0.6963663,-0.3267729,0.8868774,-0.3266008,-0.6149871,-0.4619361,-0.6390663,static,35.08506,35.63533,2.237226,-1.398628
3043,05/05/2023 15:40:27.163707,3250,True,True,True,True,Eyes,1.9465,-0.05450414,-1.812299,-0.5018208,-0.506629,-0.7010728,0.0,0.0,0.0,0.0,0.0,0.0,0.0,2.821321,0.1138902,0.07649922,2.090997,-0.04405823,-1.898543,-0.09360689,0.8988986,-0.2179174,-0.3684172,27.43513,224.4513,359.5018,0.7273157,-0.0212014,-0.6859751,0.0,0.0,0.0,1.44132,-0.5344247,-2.476983,0.03977507,-0.02193722,0.9789503,-0.7110132,-0.007717181,0.7031366,-0.3288552,0.8874996,-0.3227985,-0.6215423,-0.460744,-0.6335617,static,35.5947,35.85369,2.326667,-1.283722
3044,05/05/2023 15:40:27.173826,3251,True,True,True,True,Eyes,1.952511,-0.05423276,-1.81627,-0.5078475,-0.5073838,-0.69617,0.0,0.0,0.0,0.0,0.0,0.0,0.0,2.827648,0.1256034,0.1012163,2.09689,-0.04372687,-1.903352,-0.09437787,0.8972425,-0.2171336,-0.3726953,27.38655,224.9958,359.5154,0.7277578,-0.02113039,-0.6855083,0.0,0.0,0.0,1.44132,-0.5344247,-2.476983,0.03909841,-0.01858914,0.9780622,-0.7043823,-0.007510312,0.7097814,-0.331209,0.8878917,-0.3192947,-0.627811,-0.4599914,-0.6279027,static,36.11029,36.08538,2.289202,-1.088838
3045,05/05/2023 15:40:27.193690,3252,True,True,True,True,Eyes,1.958519,-0.05397612,-1.82028,-0.513905,-0.5080318,-0.6912346,0.0,0.0,0.0,0.0,0.0,0.0,0.0,2.833713,0.1397211,0.1265914,2.102731,-0.04324145,-1.908436,-0.09560351,0.8954294,-0.2163772,-0.3771567,27.36232,225.5563,359.4841,0.7281868,-0.02105077,-0.685055,0.0,0.0,0.0,1.44132,-0.5344247,-2.476983,0.03759602,-0.01847953,0.9773309,-0.6972259,-0.007996175,0.7168072,-0.3344286,0.8880818,-0.3153859,-0.6340616,-0.4596159,-0.6218677,static,36.62931,36.31451,2.202971,-1.083228
3046,05/05/2023 15:40:27.214006,3253,True,True,True,True,Eyes,1.964506,-0.05373682,-1.824298,-0.5198983,-0.5087278,-0.6862229,0.0,0.0,0.0,0.0,0.0,0.0,0.0,2.83952,0.1530883,0.1532195,2.108712,-0.04335341,-1.913436,-0.09624559,0.893756,-0.2148424,-0.3818112,27.22775,226.1396,359.4857,0.7286023,-0.02096414,-0.6846157,0.0,0.0,0.0,1.44132,-0.5344247,-2.476983,0.0381318,-0.0144693,0.9771045,-0.6899143,-0.007981719,0.7238473,-0.3360986,0.8891591,-0.3105381,-0.6411369,-0.4575287,-0.6161262,static,37.14841,36.5512,2.234851,-0.8483934
3047,05/05/2023 15:40:27.223638,3254,True,True,True,True,Eyes,1.970495,-0.05351326,-1.828347,-0.5259087,-0.5093999,-0.6811254,0.0,0.0,0.0,0.0,0.0,0.0,0.0,2.845181,0.1639311,0.1798441,2.11481,-0.04350479,-1.918321,-0.09661085,0.8920304,-0.2138452,-0.3862882,27.13909,226.7184,359.5398,0.7290061,-0.02087169,-0.6841885,0.0,0.0,0.0,1.44132,-0.5344247,-2.476983,0.03917825,-0.008558869,0.9773674,-0.6828956,-0.007147788,0.7304812,-0.3375714,0.8898731,-0.3068736,-0.647842,-0.4561521,-0.6101034,static,37.67235,36.79207,2.295501,-0.50173
3048,05/05/2023 15:40:27.244448,3255,True,True,True,True,Eyes,1.976487,-0.0532962,-1.832433,-0.5318533,-0.5102276,-0.6758696,0.0,0.0,0.0,0.0,0.0,0.0,0.0,2.850295,0.1758834,0.2087352,2.120878,-0.04366187,-1.923189,-0.09730251,0.8899437,-0.2135012,-0.3910881,27.13675,227.3502,359.6013,0.7293966,-0.02077512,-0.6837752,0.0,0.0,0.0,1.44132,-0.5344247,-2.476983,0.03837445,-0.009603769,0.9769084,-0.6751649,-0.00619199,0.737641,-0.340183,0.889899,-0.3039003,-0.6545442,-0.4561157,-0.602935,static,38.19981,37.04989,2.249509,-0.5632439
3049,05/05/2023 15:40:27.263925,3256,True,True,True,True,Eyes,1.98249,-0.05308554,-1.836551,-0.5378405,-0.5110645,-0.670478,0.0,0.0,0.0,0.0,0.0,0.0,0.0,2.85488,0.1891151,0.2403662,2.126947,-0.04357424,-1.92823,-0.09825058,0.8875333,-0.213462,-0.3963149,27.17988,228.0438,359.6648,0.7297755,-0.02067485,-0.6833739,0.0,0.0,0.0,1.44132,-0.5344247,-2.476983,0.03882313,-0.01261014,0.9773269,-0.6665627,-0.005204949,0.7454311,-0.3435977,0.8895616,-0.3010329,-0.6615399,-0.4567856,-0.5947371,static,38.7357,37.31606,2.274809,-0.7392281
3050,05/05/2023 15:40:27.274161,3257,True,True,True,True,Eyes,1.988511,-0.05287251,-1.840713,-0.5438139,-0.5120303,-0.6648995,0.0,0.0,0.0,0.0,0.0,0.0,0.0,2.858779,0.2048073,0.2742908,2.133226,-0.04351288,-1.933197,-0.09949313,0.8848962,-0.2133584,-0.4019184,27.23081,228.7835,359.7051,0.7301434,-0.02057155,-0.6829839,0.0,0.0,0.0,1.44132,-0.5344247,-2.476983,0.04092658,-0.01131204,0.9780687,-0.6571258,-0.004576868,0.7537674,-0.3475874,0.8891587,-0.2976237,-0.6688566,-0.4575762,-0.58588,static,39.27936,37.5994,2.396102,-0.6626356
3051,05/05/2023 15:40:27.293953,3258,True,True,True,True,Eyes,1.994555,-0.05266334,-1.84492,-0.5498627,-0.5129544,-0.659188,0.0,0.0,0.0,0.0,0.0,0.0,0.0,2.862013,0.2229481,0.31037,2.139601,-0.0432151,-1.938401,-0.1011771,0.8819416,-0.2134694,-0.4078887,27.32732,229.5723,359.7213,0.7305006,-0.02046547,-0.6826049,0.0,0.0,0.0,1.44132,-0.5344247,-2.476983,0.04361227,-0.009688914,0.9786531,-0.6467801,-0.004321043,0.7626644,-0.3526081,0.888388,-0.2939971,-0.6762715,-0.4590732,-0.5761154,static,39.83323,37.88866,2.551616,-0.5672243
3052,05/05/2023 15:40:27.314022,3259,True,True,True,True,Eyes,2.000631,-0.05246586,-1.849165,-0.5559539,-0.5137794,-0.653411,0.0,0.0,0.0,0.0,0.0,0.0,0.0,2.865025,0.2397652,0.3471665,2.146214,-0.04310381,-1.943782,-0.1022611,0.8791878,-0.2126701,-0.413936,27.29764,230.3649,359.7582,0.7308487,-0.02035679,-0.6822355,0.0,0.0,0.0,1.44132,-0.5344247,-2.476983,0.04550967,-0.01139912,0.978847,-0.6363994,-0.003749755,0.7713507,-0.355877,0.8886282,-0.2892947,-0.6843593,-0.4586129,-0.5668569,static,40.39276,38.17809,2.661943,-0.6672053
3053,05/05/2023 15:40:27.323898,3260,True,True,True,True,Eyes,2.00674,-0.05226952,-1.853447,-0.5619412,-0.5146767,-0.647557,0.0,0.0,0.0,0.0,0.0,0.0,0.0,2.868583,0.2509799,0.3797026,2.153054,-0.04319456,-1.948955,-0.1023559,0.8770365,-0.2114118,-0.4190886,27.16949,231.0448,359.8494,0.7311859,-0.02024697,-0.6818774,0.0,0.0,0.0,1.44132,-0.5344247,-2.476983,0.04736567,-0.01475748,0.9793836,-0.6277762,-0.002339095,0.7783905,-0.3567402,0.8896567,-0.2850394,-0.6918335,-0.4566242,-0.5593397,static,40.951,38.47759,2.768823,-0.8632752
3054,05/05/2023 15:40:27.343705,3261,True,True,True,True,Eyes,2.012859,-0.05205794,-1.857782,-0.5677128,-0.5155833,-0.6417756,0.0,0.0,0.0,0.0,0.0,0.0,0.0,2.872677,0.2646556,0.4048507,2.159963,-0.04300591,-1.954208,-0.1038994,0.8747398,-0.2123478,-0.4230174,27.34844,231.5829,359.8635,0.731515,-0.0201355,-0.6815276,0.0,0.0,0.0,1.44132,-0.5344247,-2.476983,0.05022493,-0.01476294,0.9802018,-0.6205227,-0.002116313,0.7841859,-0.3614236,0.8882266,-0.2835956,-0.6959347,-0.4594007,-0.5519297,static,41.49588,38.77736,2.933235,-0.8628734
3055,05/05/2023 15:40:27.363810,3262,True,True,True,True,Eyes,2.018999,-0.05180366,-1.862165,-0.5733992,-0.5165513,-0.6359152,0.0,0.0,0.0,0.0,0.0,0.0,0.0,2.875603,0.2823563,0.4311361,2.166193,-0.04240733,-1.959722,-0.1057872,0.8724782,-0.2119654,-0.4273894,27.40615,232.1428,359.7799,0.7318352,-0.02002233,-0.681187,0.0,0.0,0.0,1.44132,-0.5344247,-2.476983,0.05355492,-0.01368314,0.9809934,-0.6122947,-0.003410616,0.7906221,-0.3657776,0.8877595,-0.2794456,-0.7009292,-0.4602949,-0.5448178,static,42.04071,39.08681,3.12482,-0.799124
3056,05/05/2023 15:40:27.374612,3263,True,True,True,True,Eyes,2.025146,-0.05155145,-1.866595,-0.5790109,-0.5173238,-0.6301765,0.0,0.0,0.0,0.0,0.0,0.0,0.0,2.878077,0.3040968,0.4579411,2.172854,-0.04110633,-1.965331,-0.1085797,0.8699136,-0.2120551,-0.431849,27.56272,232.7108,359.6278,0.7321469,-0.01990605,-0.6808555,0.0,0.0,0.0,1.44132,-0.5344247,-2.476983,0.05623716,-0.01655161,0.9814125,-0.603434,-0.005758371,0.7973923,-0.3720616,0.8864861,-0.2751592,-0.7052928,-0.4627194,-0.5370783,static,42.57703,39.38322,3.279592,-0.9662071
3057,05/05/2023 15:40:27.393895,3264,True,True,True,True,Eyes,2.031346,-0.05127205,-1.871063,-0.5844814,-0.5181164,-0.6244492,0.0,0.0,0.0,0.0,0.0,0.0,0.0,2.879534,0.3248692,0.4907022,2.179484,-0.04089682,-1.97135,-0.1102902,0.8673403,-0.2104884,-0.4373234,27.49008,233.4016,359.534,0.7324489,-0.01978751,-0.680534,0.0,0.0,0.0,1.44132,-0.5344247,-2.476983,0.05840826,-0.01933032,0.9820315,-0.5931689,-0.007215185,0.805046,-0.3754212,0.8870614,-0.2686652,-0.7121868,-0.4615951,-0.5288861,static,43.10647,39.68309,3.40377,-1.127665
3058,05/05/2023 15:40:27.413953,3265,True,True,True,True,Eyes,2.037536,-0.05096683,-1.875621,-0.5897856,-0.5188282,-0.6188459,0.0,0.0,0.0,0.0,0.0,0.0,0.0,2.884021,0.338549,0.5095937,2.186935,-0.03995045,-1.976765,-0.1119082,0.8656643,-0.2106064,-0.4401668,27.59027,233.7717,359.4604,0.7327445,-0.01966513,-0.6802192,0.0,0.0,0.0,1.44132,-0.5344247,-2.476983,0.05961007,-0.01789972,0.9830112,-0.5874594,-0.00834605,0.8092105,-0.3791538,0.886243,-0.2661123,-0.714936,-0.4631455,-0.5237963,static,43.62265,39.9758,3.470182,-1.043188
3059,05/05/2023 15:40:27.424146,3266,True,True,True,True,Eyes,2.043742,-0.05069361,-1.880241,-0.595172,-0.5192836,-0.613282,0.0,0.0,0.0,0.0,0.0,0.0,0.0,2.886836,0.3603458,0.5290298,2.192763,-0.03900214,-1.983383,-0.1148421,0.8635682,-0.2102994,-0.4436615,27.71784,234.1965,359.2398,0.7330311,-0.01953867,-0.6799127,0.0,0.0,0.0,1.44132,-0.5344247,-2.476983,0.06034517,-0.01372111,0.9844751,-0.5799517,-0.01174445,0.8145664,-0.3849514,0.8851709,-0.2613137,-0.7179615,-0.4651177,-0.5178775,static,44.14142,40.25555,3.507659,-0.7985075
3060,05/05/2023 15:40:27.444451,3267,True,True,True,True,Eyes,2.050014,-0.0504483,-1.884928,-0.6005376,-0.5195735,-0.6077813,0.0,0.0,0.0,0.0,0.0,0.0,0.0,2.889359,0.3725373,0.5565615,2.19938,-0.03953824,-1.989498,-0.1146215,0.8621707,-0.2066924,-0.4481093,27.33125,234.7314,359.1999,0.7333089,-0.01940992,-0.6796158,0.0,0.0,0.0,1.44132,-0.5344247,-2.476983,0.06074834,-0.01151037,0.986011,-0.5721201,-0.01240514,0.8200762,-0.3828882,0.8882804,-0.2536822,-0.7253106,-0.4591341,-0.5129528,static,44.65652,40.52611,3.525548,-0.6688219
3061,05/05/2023 15:40:27.463910,3268,True,True,True,True,Eyes,2.056293,-0.05020993,-1.889661,-0.6056504,-0.5200843,-0.6022457,0.0,0.0,0.0,0.0,0.0,0.0,0.0,2.895257,0.3763456,0.5714166,2.206613,-0.03996925,-1.994975,-0.1147123,0.860925,-0.2076854,-0.450018,27.44186,235.0265,359.3161,0.7335784,-0.01928014,-0.6793277,0.0,0.0,0.0,1.44132,-0.5344247,-2.476983,0.06097168,-0.01517394,0.986934,-0.5686501,-0.01059297,0.8225115,-0.3844416,0.8874157,-0.2543579,-0.7272153,-0.4608482,-0.5087014,static,45.1615,40.81307,3.535176,-0.8808434
3062,05/05/2023 15:40:27.474097,3269,True,True,True,True,Eyes,2.062558,-0.04995198,-1.894471,-0.610658,-0.5204821,-0.5968208,0.0,0.0,0.0,0.0,0.0,0.0,0.0,2.900103,0.3884197,0.5840995,2.213046,-0.03985145,-2.00087,-0.1168768,0.8589748,-0.2104768,-0.4518868,27.85391,235.3259,359.3153,0.7338396,-0.01914974,-0.6790483,0.0,0.0,0.0,1.44132,-0.5344247,-2.476983,0.06142262,-0.0212343,0.987845,-0.5642763,-0.01056513,0.8255184,-0.3910118,0.8840786,-0.2559583,-0.7271189,-0.4672187,-0.5029958,static,45.65656,41.09139,3.557979,-1.231417
3063,05/05/2023 15:40:27.493779,3270,True,True,True,True,Eyes,2.068788,-0.0497063,-1.89933,-0.6156532,-0.520766,-0.5914168,0.0,0.0,0.0,0.0,0.0,0.0,0.0,2.904537,0.3983355,0.5974936,2.218617,-0.03911455,-2.007041,-0.118363,0.8573784,-0.2117017,-0.4539548,28.06544,235.625,359.3015,0.7340918,-0.01901812,-0.6787787,0.0,0.0,0.0,1.44132,-0.5344247,-2.476983,0.06182063,-0.02231297,0.9892231,-0.5598304,-0.01075772,0.8285373,-0.3951697,0.8823453,-0.255554,-0.7283067,-0.4704797,-0.4982148,static,46.15027,41.3652,3.575999,-1.292148
3064,05/05/2023 15:40:27.513897,3271,True,True,True,True,Eyes,2.075012,-0.04944498,-1.904239,-0.6206113,-0.5209517,-0.5860469,0.0,0.0,0.0,0.0,0.0,0.0,0.0,2.907592,0.4040526,0.6189394,2.224025,-0.03918171,-2.01311,-0.1180135,0.856019,-0.2103501,-0.4572279,27.9075,236.0602,359.3719,0.7343343,-0.01888592,-0.6785195,0.0,0.0,0.0,1.44132,-0.5344247,-2.476983,0.06223342,-0.02109963,0.9906791,-0.5540311,-0.009687771,0.8324397,-0.3943994,0.8836513,-0.2522092,-0.7331431,-0.4680454,-0.4933911,static,46.64077,41.6347,3.594537,-1.220109
3065,05/05/2023 15:40:27.524052,3272,True,True,True,True,Eyes,2.081193,-0.04916855,-1.909194,-0.6254304,-0.5212227,-0.580658,0.0,0.0,0.0,0.0,0.0,0.0,0.0,2.91126,0.4124718,0.6364858,2.229966,-0.03854968,-2.019021,-0.1187906,0.854451,-0.2106498,-0.4598141,27.98387,236.4229,359.3978,0.7345669,-0.0187527,-0.678271,0.0,0.0,0.0,1.44132,-0.5344247,-2.476983,0.06222644,-0.02351987,0.9919059,-0.5489194,-0.00928192,0.8358237,-0.3967209,0.8830309,-0.2507367,-0.7357308,-0.469223,-0.4883952,static,47.12596,41.91246,3.589702,-1.358331
3066,05/05/2023 15:40:27.543704,3273,True,True,True,True,Eyes,2.087356,-0.04890155,-1.914211,-0.6302876,-0.5212891,-0.5753217,0.0,0.0,0.0,0.0,0.0,0.0,0.0,2.913261,0.4293707,0.6535459,2.235146,-0.03789141,-2.025156,-0.1210327,0.8524936,-0.2109871,-0.462699,28.1469,236.8016,359.2779,0.7347892,-0.01861811,-0.6780337,0.0,0.0,0.0,1.44132,-0.5344247,-2.476983,0.06166241,-0.0283199,0.9929621,-0.5425217,-0.01111221,0.8399684,-0.4016062,0.8816711,-0.2477269,-0.7378231,-0.4717337,-0.4827883,static,47.61041,42.17918,3.553474,-1.633668
3067,05/05/2023 15:40:27.563830,3274,True,True,True,True,Eyes,2.093477,-0.04864735,-1.919235,-0.6350015,-0.5214331,-0.5699829,0.0,0.0,0.0,0.0,0.0,0.0,0.0,2.915731,0.440406,0.6711707,2.240445,-0.03788659,-2.030981,-0.1218449,0.8510725,-0.2100887,-0.4655022,28.1018,237.1618,359.2332,0.7350006,-0.01848268,-0.677808,0.0,0.0,0.0,1.44132,-0.5344247,-2.476983,0.0607329,-0.03187916,0.9939744,-0.5369233,-0.0118042,0.8435487,-0.4029912,0.8820331,-0.2441633,-0.7411557,-0.4710396,-0.4783412,static,48.08858,42.45297,3.496487,-1.836984
3068,05/05/2023 15:40:27.573747,3275,True,True,True,True,Eyes,2.099556,-0.04839266,-1.924269,-0.6396912,-0.5216029,-0.5645578,0.0,0.0,0.0,0.0,0.0,0.0,0.0,2.918403,0.4491661,0.6865516,2.245558,-0.03792267,-2.036226,-0.1227935,0.849457,-0.2109894,-0.4677906,28.25107,237.499,359.2703,0.7352014,-0.01834704,-0.6775939,0.0,0.0,0.0,1.44132,-0.5344247,-2.476983,0.05989823,-0.03375179,0.9951135,-0.5321874,-0.01121783,0.8465521,-0.4060131,0.8808105,-0.2435696,-0.7429197,-0.473336,-0.4733108,static,48.57007,42.73528,3.444612,-1.942586
3069,05/05/2023 15:40:27.595199,3276,True,True,True,True,Eyes,2.105564,-0.04813923,-1.929304,-0.6442626,-0.5219353,-0.5590253,0.0,0.0,0.0,0.0,0.0,0.0,0.0,2.919392,0.4657379,0.7022882,2.250477,-0.0376407,-2.041301,-0.1254087,0.8470829,-0.2133758,-0.4703129,28.64991,237.8833,359.2324,0.7353917,-0.01821129,-0.677391,0.0,0.0,0.0,1.44132,-0.5344247,-2.476983,0.05899099,-0.03483054,0.9962131,-0.5261568,-0.01175639,0.8503062,-0.4131698,0.8774869,-0.2435312,-0.7432694,-0.4794565,-0.4665531,static,49.05189,43.03483,3.388825,-2.002414
3070,05/05/2023 15:40:27.613829,3277,True,True,True,True,Eyes,2.111516,-0.04789747,-1.934344,-0.6490061,-0.5221848,-0.5532758,0.0,0.0,0.0,0.0,0.0,0.0,0.0,2.91682,0.4903486,0.7246573,2.254813,-0.03738813,-2.046418,-0.1286827,0.8442125,-0.2141878,-0.4742044,28.92628,238.4082,359.0747,0.7355713,-0.01807558,-0.6771995,0.0,0.0,0.0,1.44132,-0.5344247,-2.476983,0.05830497,-0.03539848,0.9974752,-0.5171422,-0.01413349,0.855783,-0.4204087,0.8751287,-0.2395963,-0.7455339,-0.4836839,-0.4585078,static,49.55251,43.34407,3.345278,-2.032465
3071,05/05/2023 15:40:27.623498,3278,True,True,True,True,Eyes,2.117406,-0.04766935,-1.93939,-0.6537546,-0.5225059,-0.5473503,0.0,0.0,0.0,0.0,0.0,0.0,0.0,2.91099,0.517921,0.756124,2.259267,-0.03745074,-2.051373,-0.1315734,0.8409727,-0.2132452,-0.4795623,29.00344,239.1035,358.9013,0.7357404,-0.01794042,-0.6770195,0.0,0.0,0.0,1.44132,-0.5344247,-2.476983,0.05754152,-0.03570445,0.9986919,-0.5054173,-0.01677054,0.8627123,-0.425828,0.8744298,-0.2324716,-0.7504827,-0.4848621,-0.4490934,static,50.06254,43.66971,3.297559,-2.047522
3072,05/05/2023 15:40:27.644576,3279,True,True,True,True,Eyes,2.123236,-0.04745658,-1.944459,-0.658689,-0.5226885,-0.5412259,0.0,0.0,0.0,0.0,0.0,0.0,0.0,2.904541,0.5435293,0.7898633,2.263758,-0.03753953,-2.056613,-0.1341406,0.8374673,-0.212772,-0.4851626,29.11337,239.8589,358.8051,0.7358987,-0.01780633,-0.676851,0.0,0.0,0.0,1.44132,-0.5344247,-2.476983,0.05644089,-0.03732806,0.9997852,-0.4932468,-0.01821876,0.8696984,-0.4311347,0.8734688,-0.2262191,-0.755533,-0.4865391,-0.4386903,static,50.59103,44.00179,3.23109,-2.138207
3073,05/05/2023 15:40:27.663637,3280,True,True,True,True,Eyes,2.128989,-0.04725981,-1.949539,-0.6636368,-0.5228548,-0.5349851,0.0,0.0,0.0,0.0,0.0,0.0,0.0,2.898946,0.5622292,0.8228641,2.268008,-0.03772736,-2.061991,-0.1355758,0.8342998,-0.2121834,-0.4904503,29.14591,240.5905,358.8131,0.7360461,-0.0176738,-0.6766945,0.0,0.0,0.0,1.44132,-0.5344247,-2.476983,0.05534026,-0.03806663,1.001091,-0.4821556,-0.01809086,0.875899,-0.4343524,0.8731949,-0.2210627,-0.7608312,-0.4870354,-0.4288735,static,51.12627,44.34302,3.164087,-2.17763
3074,05/05/2023 15:40:27.673886,3281,True,True,True,True,Eyes,2.134671,-0.04708399,-1.954641,-0.668731,-0.5228266,-0.5286315,0.0,0.0,0.0,0.0,0.0,0.0,0.0,2.894721,0.5728254,0.8543124,2.271957,-0.03791545,-2.067404,0.1358014,-0.8315359,0.2117277,0.4952549,29.11938,241.2805,358.9421,0.7361821,-0.01754333,-0.6765501,0.0,0.0,0.0,1.44132,-0.5344247,-2.476983,0.05335087,-0.03725708,1.002547,-0.4725611,-0.01612903,0.8811503,-0.4355658,0.8734587,-0.2176058,-0.7661387,-0.4866309,-0.4197879,static,51.67365,44.68368,3.04614,-2.12827
3075,05/05/2023 15:40:27.693516,3282,True,True,True,True,Eyes,2.14027,-0.04691616,-1.959744,-0.6737826,-0.5229014,-0.5221026,0.0,0.0,0.0,0.0,0.0,0.0,0.0,2.890343,0.5804315,0.886183,2.275751,-0.03827422,-2.07263,0.1357231,-0.8285568,0.2123569,0.4999774,29.18404,242.0016,359.1756,0.7363063,-0.01741552,-0.6764184,0.0,0.0,0.0,1.44132,-0.5344247,-2.476983,0.05051124,-0.03586924,1.004147,-0.4632034,-0.01256124,0.8861628,-0.4372559,0.8729677,-0.2161825,-0.7708759,-0.4876164,-0.4098541,static,52.22851,45.0438,2.879702,-2.045799
3076,05/05/2023 15:40:27.714219,3283,True,True,True,True,Eyes,2.145787,-0.0467515,-1.964868,-0.6789236,-0.5228573,-0.5154445,0.0,0.0,0.0,0.0,0.0,0.0,0.0,2.885118,0.5892706,0.9182863,2.279399,-0.03827415,-2.077803,0.1360308,-0.8252667,0.2137221,0.5047312,29.34541,242.7486,359.4229,0.7364187,-0.01729046,-0.6762996,0.0,0.0,0.0,1.44132,-0.5344247,-2.476983,0.04702783,-0.03415678,1.006009,-0.4534843,-0.008778967,0.8912211,-0.4402678,0.871637,-0.2154374,-0.7749301,-0.4900734,-0.3991387,static,52.79393,45.40905,2.676452,-1.944602
3077,05/05/2023 15:40:27.724113,3284,True,True,True,True,Eyes,2.15123,-0.04660607,-1.969999,-0.6840471,-0.5228279,-0.5086556,0.0,0.0,0.0,0.0,0.0,0.0,0.0,2.879131,0.5993211,0.9509745,2.28288,-0.03820454,-2.08325,0.1365417,-0.8217733,0.215247,0.5096212,29.53384,243.5229,359.6692,0.7365187,-0.01716807,-0.676194,0.0,0.0,0.0,1.44132,-0.5344247,-2.476983,0.04299873,-0.03182328,1.008015,-0.4432853,-0.005023673,0.8963667,-0.4438015,0.8700502,-0.2145994,-0.7788059,-0.4929376,-0.3879099,static,53.36561,45.78718,2.442577,-1.808242
3078,05/05/2023 15:40:27.744580,3285,True,True,True,True,Eyes,2.156589,-0.04646854,-1.97513,-0.6890197,-0.5227655,-0.5019642,0.0,0.0,0.0,0.0,0.0,0.0,0.0,2.873432,0.6077396,0.9830151,2.286582,-0.03851248,-2.088621,0.1364779,-0.8187734,0.2154114,0.5143754,29.54769,244.2436,359.8759,0.7366062,-0.01704882,-0.6761019,0.0,0.0,0.0,1.44132,-0.5344247,-2.476983,0.03915119,-0.03149395,1.009975,-0.4335838,-0.001884403,0.9011114,-0.4450936,0.8699434,-0.2123444,-0.7835159,-0.4931479,-0.378032,static,53.92593,46.1629,2.219931,-1.786069
3079,05/05/2023 15:40:27.764450,3286,True,True,True,True,Eyes,2.161851,-0.04634511,-1.980273,-0.6939505,-0.5227594,-0.4951317,0.0,0.0,0.0,0.0,0.0,0.0,0.0,2.868304,0.6187925,1.009557,2.289943,-0.03857728,-2.093788,0.1373375,-0.8157073,0.216868,0.5183901,29.74829,244.8866,0.05213622,0.7366814,-0.01693274,-0.6760232,0.0,0.0,0.0,1.44132,-0.5344247,-2.476983,0.03694674,-0.03261334,1.012056,-0.4248203,0.0007900274,0.9052774,-0.4488989,0.8682134,-0.2114129,-0.7861409,-0.4961905,-0.3684801,static,54.49225,46.55475,2.090747,-1.845709
3080,05/05/2023 15:40:27.774117,3287,True,True,True,True,Eyes,2.167021,-0.04623176,-1.985402,-0.6988881,-0.522367,-0.4885572,0.0,0.0,0.0,0.0,0.0,0.0,0.0,2.862031,0.6270522,1.040046,2.292953,-0.0387764,-2.09928,0.137447,-0.8125663,0.2176329,0.5229535,29.83071,245.6041,0.2809713,0.7367436,-0.01682007,-0.6759585,0.0,0.0,0.0,1.44132,-0.5344247,-2.476983,0.03702077,-0.02849978,1.014422,-0.4152561,0.004254043,0.9096948,-0.4509934,0.8674885,-0.2099255,-0.7900428,-0.4974391,-0.3583114,static,55.04456,46.91551,2.09005,-1.609278
3081,05/05/2023 15:40:27.793900,3288,True,True,True,True,Eyes,2.172109,-0.04611994,-1.990542,-0.7037239,-0.5220329,-0.4819276,0.0,0.0,0.0,0.0,0.0,0.0,0.0,2.857853,0.6291584,1.067943,2.296213,-0.03895139,-2.10465,0.1366428,-0.8100103,0.2181831,0.5268856,29.83151,246.2358,0.5647775,0.736793,-0.01671091,-0.6759076,0.0,0.0,0.0,1.44132,-0.5344247,-2.476983,0.03655612,-0.02710454,1.016371,-0.4074408,0.008550919,0.9131916,-0.4512791,0.8674499,-0.2094708,-0.7939391,-0.4974512,-0.3495755,static,55.59569,47.28759,2.059887,-1.5276
3082,05/05/2023 15:40:27.814132,3289,True,True,True,True,Eyes,2.177098,-0.04599829,-1.995691,-0.7085313,-0.521195,-0.4757512,0.0,0.0,0.0,0.0,0.0,0.0,0.0,2.85448,0.6350284,1.090682,2.299334,-0.03886336,-2.110085,0.1367306,-0.8076188,0.2189613,0.5302007,29.91163,246.7698,0.7492403,0.7368295,-0.01660501,-0.6758707,0.0,0.0,0.0,1.44132,-0.5344247,-2.476983,0.03628531,-0.02435821,1.019011,-0.4003842,0.01133453,0.9162774,-0.4530392,0.8667214,-0.2086852,-0.7965226,-0.4986638,-0.3418865,static,56.12017,47.60991,2.039347,-1.369325
3083,05/05/2023 15:40:27.824097,3290,True,True,True,True,Eyes,2.181983,-0.04588537,-2.000865,-0.7133005,-0.5202613,-0.4696069,0.0,0.0,0.0,0.0,0.0,0.0,0.0,2.851199,0.6469049,1.109179,2.302165,-0.03856768,-2.11581,0.1377509,-0.8056317,0.2183372,0.5332086,29.91394,247.1895,0.719577,0.7368527,-0.01650179,-0.6758482,0.0,0.0,0.0,1.44132,-0.5344247,-2.476983,0.03435892,-0.02482115,1.020943,-0.3934269,0.01088552,0.9192916,-0.4547915,0.8667071,-0.2048988,-0.798987,-0.4986987,-0.3360352,static,56.64079,47.92944,1.92751,-1.392699
3084,05/05/2023 15:40:27.844807,3291,True,True,True,True,Eyes,2.186778,-0.04578737,-2.006062,-0.7180244,-0.518917,-0.46386,0.0,0.0,0.0,0.0,0.0,0.0,0.0,2.846658,0.6596897,1.129309,2.304594,-0.0386885,-2.121634,0.1384821,-0.8039356,0.215767,0.5366145,29.70592,247.6008,0.5875006,0.7368619,-0.01640135,-0.6758409,0.0,0.0,0.0,1.44132,-0.5344247,-2.476983,0.03736371,-0.02240714,1.024093,-0.3857355,0.008906133,0.9225667,-0.4542287,0.8685346,-0.1983026,-0.8030472,-0.4955485,-0.3309792,static,57.13662,48.20647,2.089491,-1.253431
3085,05/05/2023 15:40:27.863991,3292,True,True,True,True,Eyes,2.191484,-0.04570822,-2.011286,-0.7226704,-0.5175546,-0.4581316,0.0,0.0,0.0,0.0,0.0,0.0,0.0,2.842842,0.6694892,1.149681,2.307347,-0.0390393,-2.127523,0.1386926,-0.802392,0.2131478,0.5399072,29.46016,248.0023,0.4993567,0.7368569,-0.01630397,-0.6758489,0.0,0.0,0.0,1.44132,-0.5344247,-2.476983,0.03954905,-0.02027971,1.025562,-0.3785295,0.007588366,0.9255582,-0.4527315,0.8706648,-0.1922939,-0.8073102,-0.4918182,-0.3261368,static,57.62764,48.48523,2.208419,-1.132832
3086,05/05/2023 15:40:27.874454,3293,True,True,True,True,Eyes,2.196079,-0.04564032,-2.016528,-0.7271816,-0.5159557,-0.4527655,0.0,0.0,0.0,0.0,0.0,0.0,0.0,2.840377,0.677352,1.167207,2.309939,-0.03942434,-2.133436,0.1389434,-0.8007964,0.2119085,0.5426918,29.35361,248.3788,0.4911351,0.7368373,-0.01621004,-0.6758727,0.0,0.0,0.0,1.44132,-0.5344247,-2.476983,0.04006571,-0.02567939,1.027105,-0.3723603,0.007471358,0.9280581,-0.4525328,0.871579,-0.1885844,-0.8102849,-0.4901981,-0.3211604,static,58.09235,48.73215,2.233883,-1.432194
3087,05/05/2023 15:40:27.893933,3294,True,True,True,True,Eyes,2.200567,-0.0455861,-2.021806,-0.7316566,-0.514306,-0.4474014,0.0,0.0,0.0,0.0,0.0,0.0,0.0,2.838089,0.6848788,1.18407,2.312153,-0.03969056,-2.139673,0.139224,-0.7991964,0.2107622,0.5454184,29.25855,248.7502,0.4841933,0.7368026,-0.01611966,-0.6759129,0.0,0.0,0.0,1.44132,-0.5344247,-2.476983,0.04396424,-0.02197413,1.029601,-0.3662713,0.007372532,0.9304791,-0.4524418,0.8723919,-0.1850102,-0.8131064,-0.4887515,-0.3161965,static,58.55459,48.97957,2.445061,-1.222643
3088,05/05/2023 15:40:27.913816,3295,True,True,True,True,Eyes,2.204958,-0.04555861,-2.027119,-0.7360377,-0.5124939,-0.4422651,0.0,0.0,0.0,0.0,0.0,0.0,0.0,2.835037,0.6904343,1.203007,2.314087,-0.0399849,-2.145871,0.1390362,-0.7976297,0.2090405,0.5484142,29.07621,249.1485,0.4905574,0.7367522,-0.01603298,-0.6759701,0.0,0.0,0.0,1.44132,-0.5344247,-2.476983,0.04765162,-0.01362222,1.031694,-0.359822,0.007482737,0.9329911,-0.4510803,0.873942,-0.1809749,-0.8167344,-0.4859726,-0.3110883,static,58.99948,49.20691,2.644483,-0.7564748
3089,05/05/2023 15:40:27.923858,3296,True,True,True,True,Eyes,2.209248,-0.04556001,-2.032474,-0.7403633,-0.5106798,-0.4371136,0.0,0.0,0.0,0.0,0.0,0.0,0.0,2.831795,0.6956806,1.222924,2.316263,-0.04066269,-2.152175,0.1386857,-0.7960264,0.2072109,0.5515177,28.87276,249.5622,0.5081267,0.7366855,-0.01595057,-0.6760448,0.0,0.0,0.0,1.44132,-0.5344247,-2.476983,0.05111843,-0.009774566,1.033277,-0.3531887,0.007766013,0.9355196,-0.4493559,0.8756598,-0.1769154,-0.8205709,-0.482866,-0.3057835,static,59.44222,49.43831,2.832237,-0.5419891
3090,05/05/2023 15:40:27.944113,3297,True,True,True,True,Eyes,2.213427,-0.04558358,-2.037869,-0.7445615,-0.5088289,-0.4321127,0.0,0.0,0.0,0.0,0.0,0.0,0.0,2.828882,0.7022322,1.24069,2.31816,-0.04137052,-2.158573,0.1387296,-0.7943453,0.2060115,0.5543727,28.75755,249.9566,0.5239055,0.7366022,-0.01587302,-0.6761376,0.0,0.0,0.0,1.44132,-0.5344247,-2.476983,0.05229449,-0.01193032,1.034503,-0.3468503,0.008015996,0.9378864,-0.4488127,0.8766267,-0.1734728,-0.8235668,-0.4811043,-0.3004606,static,59.87089,49.66109,2.893859,-0.6607295
3091,05/05/2023 15:40:27.963799,3298,True,True,True,True,Eyes,2.217503,-0.04564041,-2.043309,-0.7487198,-0.5069496,-0.4271074,0.0,0.0,0.0,0.0,0.0,0.0,0.0,2.825873,0.7100841,1.257533,2.319809,-0.04196937,-2.165154,0.1390792,-0.7925764,0.2050691,0.5571592,28.68829,250.3468,0.5258137,0.7365015,-0.01580061,-0.676249,0.0,0.0,0.0,1.44132,-0.5344247,-2.476983,0.0547303,-0.01017269,1.036574,-0.3404613,0.008050496,0.940224,-0.4489739,0.8772073,-0.1700874,-0.8261406,-0.4800442,-0.2950407,static,60.29739,49.8857,3.022367,-0.5622696
3092,05/05/2023 15:40:27.974236,3299,True,True,True,True,Eyes,2.221473,-0.04572425,-2.048757,-0.7527086,-0.5051528,-0.4221972,0.0,0.0,0.0,0.0,0.0,0.0,0.0,2.823209,0.7153533,1.274729,2.321432,-0.04284261,-2.171701,0.1388949,-0.7910492,0.2035466,0.5599272,28.52699,250.7198,0.5345684,0.736383,-0.01573397,-0.6763795,0.0,0.0,0.0,1.44132,-0.5344247,-2.476983,0.05666453,-0.007043779,1.038072,-0.3343797,0.008197114,0.942403,-0.4476879,0.878554,-0.1664886,-0.8293166,-0.4775727,-0.290101,static,60.71177,50.11176,3.124466,-0.3887714
3093,05/05/2023 15:40:27.993825,3300,True,True,True,True,Eyes,2.225343,-0.04583105,-2.054261,-0.7565778,-0.5034565,-0.4172787,0.0,0.0,0.0,0.0,0.0,0.0,0.0,2.820891,0.7258002,1.28866,2.323263,-0.04359723,-2.178396,0.1397756,-0.7893385,0.2029121,0.5623471,28.52469,251.0595,0.4925811,0.7362468,-0.01567346,-0.676529,0.0,0.0,0.0,1.44132,-0.5344247,-2.476983,0.05870599,-0.007025182,1.039507,-0.3284569,0.007553513,0.9444886,-0.4488745,0.878579,-0.1631278,-0.83104,-0.4775374,-0.2851848,static,61.12176,50.34713,3.232337,-0.3872097
3094,05/05/2023 15:40:28.013788,3301,True,True,True,True,Eyes,2.229106,-0.0459621,-2.059804,-0.7602572,-0.5019143,-0.4124208,0.0,0.0,0.0,0.0,0.0,0.0,0.0,2.818363,0.7394073,1.300669,2.324704,-0.04424699,-2.185275,0.1412744,-0.7875407,0.2024821,0.5646436,28.5852,251.3809,0.400744,0.7360924,-0.01561924,-0.676698,0.0,0.0,0.0,1.44132,-0.5344247,-2.476983,0.06045082,-0.003437728,1.041112,-0.3224389,0.006141684,0.9465706,-0.4511791,0.8780851,-0.1593865,-0.8321484,-0.4784652,-0.2803578,static,61.52126,50.5902,3.323073,-0.1891886
3095,05/05/2023 15:40:28.023907,3302,True,True,True,True,Eyes,2.232761,-0.04611468,-2.065408,-0.7638696,-0.500376,-0.407587,0.0,0.0,0.0,0.0,0.0,0.0,0.0,2.816715,0.7524977,1.311287,2.326161,-0.04496985,-2.192387,0.1426414,-0.7860687,0.2013634,0.5667471,28.57144,251.6487,0.2604713,0.7359195,-0.0155715,-0.676887,0.0,0.0,0.0,1.44132,-0.5344247,-2.476983,0.06111994,0.004500166,1.042877,-0.3169023,0.003992454,0.9484499,-0.4524961,0.8782125,-0.1548878,-0.8335589,-0.4782541,-0.276501,static,61.91643,50.83507,3.354099,0.247238
3096,05/05/2023 15:40:28.044641,3303,True,True,True,True,Eyes,2.236317,-0.04629473,-2.071081,-0.767327,-0.4990157,-0.4027314,0.0,0.0,0.0,0.0,0.0,0.0,0.0,2.813642,0.7665649,1.323517,2.327233,-0.04564338,-2.1995,0.1440153,-0.7845418,0.1995145,0.5691642,28.4891,251.9387,0.07438422,0.7357274,-0.01553033,-0.6770965,0.0,0.0,0.0,1.44132,-0.5344247,-2.476983,0.05924606,0.01019089,1.044314,-0.3106237,0.001141047,0.9505325,-0.4530849,0.8789072,-0.1491183,-0.8355999,-0.4769915,-0.2724925,static,62.30727,51.09468,3.247027,0.5591006
3097,05/05/2023 15:40:28.063865,3304,True,True,True,True,Eyes,2.239778,-0.04648652,-2.076824,-0.7707111,-0.4977164,-0.3978478,0.0,0.0,0.0,0.0,0.0,0.0,0.0,2.809525,0.7845435,1.335833,2.328394,-0.0464833,-2.206764,0.1460174,-0.7826734,0.1981388,0.5717013,28.49698,252.2589,359.8686,0.7355154,-0.01549596,-0.6773272,0.0,0.0,0.0,1.44132,-0.5344247,-2.476983,0.05456048,0.01267812,1.045958,-0.3036731,-0.002015436,0.9527741,-0.4551201,0.8788399,-0.1431992,-0.8370473,-0.4771124,-0.2677974,static,62.69682,51.36304,2.986024,0.6944517
3098,05/05/2023 15:40:28.074824,3305,True,True,True,True,Eyes,2.24314,-0.04669403,-2.082649,-0.7740003,-0.4965621,-0.3928736,0.0,0.0,0.0,0.0,0.0,0.0,0.0,2.804372,0.8029305,1.350081,2.329554,-0.04695076,-2.214247,0.148068,-0.7805678,0.1968101,0.5745047,28.51434,252.6237,359.6728,0.7352832,-0.0154681,-0.6775794,0.0,0.0,0.0,1.44132,-0.5344247,-2.476983,0.04912257,0.01566389,1.047546,-0.2960407,-0.005017528,0.9551622,-0.4572907,0.8786833,-0.1371158,-0.8385972,-0.4773787,-0.2624204,static,63.08818,51.64941,2.684804,0.8566764
3099,05/05/2023 15:40:28.093655,3306,True,True,True,True,Eyes,2.246403,-0.04690517,-2.088551,-0.7772528,-0.4953872,-0.3879043,0.0,0.0,0.0,0.0,0.0,0.0,0.0,2.799437,0.8185015,1.365164,2.330529,-0.04752236,-2.2219,0.1496432,-0.778502,0.1954578,0.5773541,28.49766,253.002,359.5242,0.73503,-0.01544662,-0.6778539,0.0,0.0,0.0,1.44132,-0.5344247,-2.476983,0.04408687,0.0171001,1.048859,-0.2885381,-0.007298319,0.9574406,-0.4586918,0.8788064,-0.1315343,-0.8404448,-0.4771228,-0.2569168,static,63.47755,51.9379,2.406906,0.93404
3100,05/05/2023 15:40:28.113648,3307,True,True,True,True,Eyes,2.249561,-0.04711976,-2.094537,-0.7804525,-0.4942805,-0.3828586,0.0,0.0,0.0,0.0,0.0,0.0,0.0,2.796008,0.8293158,1.379741,2.331397,-0.04782973,-2.229666,0.1505075,-0.7768214,0.1937087,0.5799766,28.39425,253.3396,359.4046,0.7347554,-0.01543097,-0.6781513,0.0,0.0,0.0,1.44132,-0.5344247,-2.476983,0.03963399,0.01724383,1.049937,-0.281949,-0.009141893,0.9593857,-0.4585279,0.8796489,-0.1263724,-0.8427673,-0.4755357,-0.252208,static,63.86929,52.23944,2.161828,0.9409233
3101,05/05/2023 15:40:28.123560,3308,True,True,True,True,Eyes,2.252604,-0.04734538,-2.100604,-0.7836844,-0.4930374,-0.3778266,0.0,0.0,0.0,0.0,0.0,0.0,0.0,2.792615,0.8410759,1.393236,2.332036,-0.0481241,-2.237522,0.1515213,-0.7752586,0.191583,0.5825045,28.26669,253.6477,359.2362,0.7344587,-0.01542069,-0.6784721,0.0,0.0,0.0,1.44132,-0.5344247,-2.476983,0.03442088,0.01915096,1.0509,-0.2754599,-0.01174046,0.9612408,-0.4581322,0.8806745,-0.1205291,-0.8451253,-0.4735763,-0.2479692,static,64.26055,52.53617,1.875978,1.044007
3102,05/05/2023 15:40:28.144115,3309,True,True,True,True,Eyes,2.25554,-0.04757993,-2.106764,-0.786856,-0.4919482,-0.3726187,0.0,0.0,0.0,0.0,0.0,0.0,0.0,2.787272,0.8517274,1.410778,2.332316,-0.04864423,-2.245564,0.1520281,-0.7736698,0.1880723,0.5856206,27.97415,254.0052,359.0293,0.7341395,-0.01541561,-0.6788182,0.0,0.0,0.0,1.44132,-0.5344247,-2.476983,0.02865383,0.02251461,1.051932,-0.2678722,-0.01496105,0.9633384,-0.455517,0.8830326,-0.1129501,-0.8489694,-0.4690732,-0.2433548,static,64.65993,52.85845,1.560309,1.226121
3103,05/05/2023 15:40:28.163844,3310,True,True,True,True,Eyes,2.258375,-0.04782852,-2.112998,-0.7900465,-0.4907934,-0.3673532,0.0,0.0,0.0,0.0,0.0,0.0,0.0,2.781157,0.8685814,1.426084,2.332638,-0.04907149,-2.253747,0.1537813,-0.7715091,0.1862434,0.5885903,27.93083,254.3895,358.8297,0.7337983,-0.01541548,-0.6791874,0.0,0.0,0.0,1.44132,-0.5344247,-2.476983,0.02261463,0.02624427,1.052751,-0.2598258,-0.01804524,0.9654869,-0.4565294,0.8833295,-0.1063486,-0.850924,-0.4684053,-0.23775,static,65.06267,53.18557,1.230608,1.428044
3104,05/05/2023 15:40:28.174071,3311,True,True,True,True,Eyes,2.261132,-0.04807101,-2.119298,-0.7930871,-0.4899084,-0.3619428,0.0,0.0,0.0,0.0,0.0,0.0,0.0,2.774391,0.8772235,1.447268,2.333052,-0.0496776,-2.261803,0.1540045,-0.7693099,0.184068,0.5920845,27.74763,254.8623,358.7707,0.7334337,-0.01542023,-0.6795816,0.0,0.0,0.0,1.44132,-0.5344247,-2.476983,0.0174686,0.02727169,1.053648,-0.2514375,-0.01898671,0.9676874,-0.4549219,0.8848032,-0.1008434,-0.8542981,-0.465578,-0.2311102,static,65.46938,53.54313,0.9498293,1.482662
3105,05/05/2023 15:40:28.193729,3312,True,True,True,True,Eyes,2.263791,-0.04831181,-2.125665,-0.7960238,-0.4891939,-0.3564203,0.0,0.0,0.0,0.0,0.0,0.0,0.0,2.770174,0.8942049,1.458559,2.333901,-0.04971422,-2.269644,0.1562706,-0.7668886,0.1849206,0.5943619,27.99467,255.2322,358.7109,0.7330446,-0.01542919,-0.6800016,0.0,0.0,0.0,1.44132,-0.5344247,-2.476983,0.01322299,0.03145717,1.054372,-0.2446273,-0.01986467,0.9694139,-0.4595037,0.8827677,-0.09786446,-0.8538232,-0.4693895,-0.2250769,static,65.87952,53.92341,0.7185147,1.708911
3106,05/05/2023 15:40:28.214120,3313,True,True,True,True,Eyes,2.26639,-0.04852025,-2.132113,-0.7988527,-0.4887214,-0.3506933,0.0,0.0,0.0,0.0,0.0,0.0,0.0,2.760722,0.9157783,1.475969,2.334208,-0.04988856,-2.277654,0.1589168,-0.7636815,0.1851174,0.5977187,28.21078,255.7491,358.6067,0.7326319,-0.01544188,-0.6804464,0.0,0.0,0.0,1.44132,-0.5344247,-2.476983,0.007942647,0.03340118,1.054717,-0.2349557,-0.02142733,0.9717698,-0.4640198,0.880954,-0.09276646,-0.8540967,-0.4727165,-0.2169278,static,66.29871,54.3378,0.4314633,1.813859
3107,05/05/2023 15:40:28.224020,3314,True,True,True,True,Eyes,2.268896,-0.04865274,-2.13863,-0.8014911,-0.4885008,-0.3449331,0.0,0.0,0.0,0.0,0.0,0.0,0.0,2.755397,0.9351233,1.487342,2.335198,-0.04928221,-2.285448,0.1615259,-0.7612672,0.185315,0.6000333,28.42385,256.1021,358.4663,0.7321973,-0.01545681,-0.680914,0.0,0.0,0.0,1.44132,-0.5344247,-2.476983,0.004070491,0.03399006,1.055365,-0.2277388,-0.02353829,0.9734378,-0.4683191,0.8791355,-0.0883067,-0.8537052,-0.4759903,-0.2112368,static,66.71468,54.77388,0.2209858,1.844682
3108,05/05/2023 15:40:28.244998,3315,True,True,True,True,Eyes,2.271322,-0.04875601,-2.145244,-0.8041457,-0.488326,-0.3389504,0.0,0.0,0.0,0.0,0.0,0.0,0.0,2.746994,0.9648783,1.49679,2.335431,-0.04754726,-2.293653,0.1659956,-0.7582115,0.1858905,0.6024995,28.81042,256.4779,358.187,0.7317394,-0.01547136,-0.6814059,0.0,0.0,0.0,1.44132,-0.5344247,-2.476983,0.001737833,0.03576654,1.055984,-0.2188798,-0.02772175,0.9753581,-0.4757174,0.8757803,-0.08186404,-0.85193,-0.4819132,-0.2048785,static,67.14439,55.23522,0.09429163,1.939887
3109,05/05/2023 15:40:28.265510,3316,True,True,True,True,Eyes,2.273713,-0.04885787,-2.151904,-0.8068222,-0.4879679,-0.3330545,0.0,0.0,0.0,0.0,0.0,0.0,0.0,2.736741,0.9808073,1.518117,2.33575,-0.04698291,-2.301842,0.1673409,-0.7558128,0.1825115,0.6061632,28.6045,256.9319,357.9312,0.7312583,-0.01548462,-0.6819222,0.0,0.0,0.0,1.44132,-0.5344247,-2.476983,0.001257837,0.03574628,1.056454,-0.2091268,-0.03169322,0.977375,-0.4742203,0.8773732,-0.07301731,-0.8552085,-0.4787608,-0.1985118,static,67.56927,55.68515,0.06821755,1.937926
3110,05/05/2023 15:40:28.274063,3317,True,True,True,True,Eyes,2.276076,-0.04894679,-2.158616,-0.8093842,-0.4877046,-0.3271718,0.0,0.0,0.0,0.0,0.0,0.0,0.0,2.734522,0.9836112,1.534518,2.337359,-0.04708669,-2.309628,0.1668082,-0.7547246,0.1796043,0.6085296,28.302,257.2131,357.8391,0.7307548,-0.01549668,-0.6824617,0.0,0.0,0.0,1.44132,-0.5344247,-2.476983,0.0007474124,0.03202674,1.056525,-0.2037338,-0.03319947,0.9784635,-0.4703775,0.8798347,-0.06808811,-0.8586255,-0.4741189,-0.1948684,static,67.9903,56.14471,0.04053247,1.736291
3111,05/05/2023 15:40:28.294716,3318,True,True,True,True,Eyes,2.278373,-0.04900328,-2.165375,-0.811834,-0.4874672,-0.3214053,0.0,0.0,0.0,0.0,0.0,0.0,0.0,2.734621,0.9954174,1.540819,2.338991,-0.04686621,-2.317338,0.1682604,-0.7535651,0.178866,0.6097828,28.34496,257.3763,357.6914,0.7302307,-0.01550721,-0.6830223,0.0,0.0,0.0,1.44132,-0.5344247,-2.476983,0.0006122887,0.02796224,1.056764,-0.1997068,-0.03545149,0.9792142,-0.4717292,0.8793908,-0.06436978,-0.8588299,-0.474779,-0.1923438,static,68.40137,56.60165,0.03319715,1.515707
3112,05/05/2023 15:40:28.313845,3319,True,True,True,True,Eyes,2.280614,-0.04903363,-2.172216,-0.8143126,-0.4871789,-0.3155183,0.0,0.0,0.0,0.0,0.0,0.0,0.0,2.73253,1.011276,1.547101,2.33968,-0.04614345,-2.325228,0.1703667,-0.7521915,0.1775685,0.6112714,28.38615,257.5522,357.4454,0.7296866,-0.01551536,-0.6836036,0.0,0.0,0.0,1.44132,-0.5344247,-2.476983,0.0009090602,0.02643439,1.056811,-0.194645,-0.03921162,0.9800897,-0.4733818,0.8788893,-0.05885043,-0.8590828,-0.4754115,-0.1896335,static,68.82036,57.07115,0.04928535,1.432861
3113,05/05/2023 15:40:28.324151,3320,True,True,True,True,Eyes,2.28282,-0.04903439,-2.179095,-0.8167461,-0.4868234,-0.3097237,0.0,0.0,0.0,0.0,0.0,0.0,0.0,2.729247,1.015947,1.56263,2.340412,-0.04562401,-2.333056,0.1703129,-0.7508698,0.1750222,0.6136411,28.15508,257.8463,357.337,0.7291223,-0.01552052,-0.6842055,0.0,0.0,0.0,1.44132,-0.5344247,-2.476983,0.001453876,0.02480504,1.056538,-0.1888762,-0.0409639,0.9811461,-0.4705672,0.8807215,-0.05381586,-0.861912,-0.4718597,-0.1856237,static,69.23244,57.53493,0.07884327,1.344923
3114,05/05/2023 15:40:28.343907,3321,True,True,True,True,Eyes,2.284986,-0.04898827,-2.186033,-0.8191079,-0.4865469,-0.3038656,0.0,0.0,0.0,0.0,0.0,0.0,0.0,2.730259,1.015808,1.57461,2.341767,-0.04492715,-2.340871,0.1698378,-0.7498526,0.1740972,0.6152777,28.04009,258.0836,357.3719,0.7285386,-0.01552206,-0.6848271,0.0,0.0,0.0,1.44132,-0.5344247,-2.476983,0.001416624,0.02149914,1.056108,-0.1851773,-0.04047038,0.9818715,-0.4689429,0.8816906,-0.05209962,-0.8635984,-0.4700893,-0.1822473,static,69.64658,58.01378,0.07685436,1.166207
3115,05/05/2023 15:40:28.363746,3322,True,True,True,True,Eyes,2.287093,-0.04889295,-2.193,-0.8214172,-0.4861999,-0.2981333,0.0,0.0,0.0,0.0,0.0,0.0,0.0,2.732636,1.020637,1.580584,2.342892,-0.04377688,-2.348655,0.1705029,-0.7488359,0.1743121,0.6162702,28.11312,258.2476,357.3675,0.7279369,-0.01551888,-0.6854668,0.0,0.0,0.0,1.44132,-0.5344247,-2.476983,0.001321048,0.01825732,1.055696,-0.1822798,-0.0405107,0.9824119,-0.4702041,0.8810881,-0.05091057,-0.8635291,-0.471214,-0.179653,static,70.05164,58.48376,0.0716972,0.9907811
3116,05/05/2023 15:40:28.373701,3323,True,True,True,True,Eyes,2.289138,-0.04876464,-2.199978,-0.8237408,-0.4857351,-0.2924252,0.0,0.0,0.0,0.0,0.0,0.0,0.0,2.735385,1.018193,1.589796,2.34357,-0.04251232,-2.356347,0.1699047,-0.7481415,0.1734928,0.6175088,27.99728,258.4251,357.4062,0.7273173,-0.01550991,-0.6861246,0.0,0.0,0.0,1.44132,-0.5344247,-2.476983,0.001547664,0.01654803,1.055017,-0.1796309,-0.03995888,0.9829223,-0.4684921,0.8820653,-0.04975906,-0.8650134,-0.4694296,-0.1771666,static,70.45531,58.95096,0.08405041,0.8986158
3117,05/05/2023 15:40:28.393793,3324,True,True,True,True,Eyes,2.291135,-0.04859588,-2.206973,-0.826009,-0.4852296,-0.2868124,0.0,0.0,0.0,0.0,0.0,0.0,0.0,2.739109,1.007166,1.60229,2.344191,-0.04160944,-2.363784,0.1678226,-0.7477482,0.1721611,0.6189255,27.72354,258.6253,357.5482,0.7266811,-0.01549475,-0.6867988,0.0,0.0,0.0,1.44132,-0.5344247,-2.476983,0.001938045,0.01547144,1.054158,-0.1775338,-0.03786821,0.9833859,-0.4640879,0.8843923,-0.04972705,-0.8678158,-0.4652057,-0.1745837,static,70.85164,59.41326,0.1053368,0.8408461
3118,05/05/2023 15:40:28.413942,3325,True,True,True,True,Eyes,2.293077,-0.0483795,-2.213975,-0.8282086,-0.484873,-0.2810135,0.0,0.0,0.0,0.0,0.0,0.0,0.0,2.742219,1.001449,1.612902,2.34509,-0.04048458,-2.371294,0.1667491,-0.7469269,0.1721192,0.6202179,27.64309,258.8431,357.6971,0.7260292,-0.01547277,-0.6874886,0.0,0.0,0.0,1.44132,-0.5344247,-2.476983,0.002563864,0.01296037,1.053221,-0.1750494,-0.03559591,0.9839159,-0.4626014,0.8851395,-0.05027947,-0.8691131,-0.4639623,-0.1714098,static,71.25778,59.90509,0.1394753,0.7050155
3119,05/05/2023 15:40:28.424177,3326,True,True,True,True,Eyes,2.294966,-0.04812353,-2.220982,-0.830372,-0.4844895,-0.2752312,0.0,0.0,0.0,0.0,0.0,0.0,0.0,2.741702,1.003096,1.624305,2.345729,-0.03910902,-2.378554,0.1668493,-0.7453867,0.1727428,0.6218683,27.7126,259.1346,357.8062,0.7253618,-0.0154432,-0.6881933,0.0,0.0,0.0,1.44132,-0.5344247,-2.476983,0.00396049,0.01335908,1.052471,-0.1708827,-0.03388796,0.9847086,-0.4635809,0.8846425,-0.05000377,-0.8694206,-0.4650368,-0.16688,static,71.66195,60.39975,0.2156052,0.7272195
3120,05/05/2023 15:40:28.444094,3327,True,True,True,True,Eyes,2.296788,-0.0478285,-2.227986,-0.8325936,-0.4840882,-0.269159,0.0,0.0,0.0,0.0,0.0,0.0,0.0,2.739702,1.000962,1.640202,2.346348,-0.03789263,-2.385657,0.1661403,-0.7437881,0.1726175,0.6240032,27.65367,259.485,357.9478,0.7246807,-0.01540564,-0.6889114,0.0,0.0,0.0,1.44132,-0.5344247,-2.476983,0.005703866,0.01464116,1.051423,-0.1660351,-0.03171861,0.9856098,-0.4625742,0.8852011,-0.04943753,-0.8708948,-0.464126,-0.1616467,static,72.08513,60.9254,0.3108211,0.7977976
3121,05/05/2023 15:40:28.463799,3328,True,True,True,True,Eyes,2.298557,-0.04750869,-2.23499,-0.8348569,-0.4835607,-0.2630267,0.0,0.0,0.0,0.0,0.0,0.0,0.0,2.734566,0.99809,1.661065,2.346616,-0.036664,-2.392743,0.1651035,-0.7418312,0.1718041,0.626826,27.50859,259.9259,358.0891,0.7239855,-0.01535968,-0.6896429,0.0,0.0,0.0,1.44132,-0.5344247,-2.476983,0.008528888,0.01462219,1.050342,-0.1596602,-0.02957537,0.986729,-0.4603404,0.8864484,-0.04791687,-0.8732672,-0.4618816,-0.1551453,static,72.51266,61.45658,0.4652376,0.7975838
3122,05/05/2023 15:40:28.483635,3329,True,True,True,True,Eyes,2.300282,-0.0471685,-2.242007,-0.8371571,-0.4830778,-0.2565225,0.0,0.0,0.0,0.0,0.0,0.0,0.0,2.727184,0.9935152,1.686644,2.347136,-0.03577107,-2.399801,0.1635521,-0.7396259,0.1704299,0.6302048,27.27433,260.4416,358.2513,0.7232774,-0.01530548,-0.6903867,0.0,0.0,0.0,1.44132,-0.5344247,-2.476983,0.01087141,0.01317839,1.049026,-0.1521855,-0.02712324,0.9879797,-0.4567461,0.8884087,-0.04596612,-0.8764831,-0.4582513,-0.1475913,static,72.96384,62.03094,0.5937544,0.7197408
3123,05/05/2023 15:40:28.494077,3330,True,True,True,True,Eyes,2.301966,-0.04680341,-2.249022,-0.8394178,-0.482584,-0.2499807,0.0,0.0,0.0,0.0,0.0,0.0,0.0,2.720575,0.9904613,1.709687,2.347766,-0.03495698,-2.406729,0.1623762,-0.7374012,0.1698434,0.6332666,27.13833,260.9321,358.4314,0.7225575,-0.01524329,-0.6911415,0.0,0.0,0.0,1.44132,-0.5344247,-2.476983,0.01290596,0.01359822,1.04769,-0.1452149,-0.0243606,0.9891002,-0.4545852,0.8895743,-0.04483061,-0.878786,-0.4561404,-0.1402534,static,73.41634,62.61564,0.7057614,0.7436137
3124,05/05/2023 15:40:28.513948,3331,True,True,True,True,Eyes,2.303601,-0.04642702,-2.25604,-0.8416754,-0.4821106,-0.2432118,0.0,0.0,0.0,0.0,0.0,0.0,0.0,2.712866,0.9931121,1.731121,2.348478,-0.03399544,-2.41375,0.162129,-0.7349573,0.1694636,0.6362659,27.0914,261.4152,358.541,0.7218263,-0.0151732,-0.6919068,0.0,0.0,0.0,1.44132,-0.5344247,-2.476983,0.0144434,0.01387163,1.046528,-0.13776,-0.02266791,0.9902063,-0.4539635,0.8899926,-0.04278274,-0.8803065,-0.4554113,-0.1328959,static,73.88274,63.23029,0.7907031,0.7594052
3125,05/05/2023 15:40:28.524214,3332,True,True,True,True,Eyes,2.305192,-0.04603044,-2.263059,-0.8439175,-0.4815563,-0.2364463,0.0,0.0,0.0,0.0,0.0,0.0,0.0,2.704214,0.9961563,1.753066,2.34896,-0.0333668,-2.420663,0.1617985,-0.7326394,0.1680927,0.6393792,26.94942,261.882,358.5774,0.7210845,-0.01509573,-0.6926814,0.0,0.0,0.0,1.44132,-0.5344247,-2.476983,0.01589711,0.01353251,1.045179,-0.1300313,-0.0221299,0.991263,-0.4520297,0.8911322,-0.03940153,-0.8824745,-0.4532038,-0.1258785,static,74.34835,63.84876,0.8713981,0.7417987
3126,05/05/2023 15:40:28.544035,3333,True,True,True,True,Eyes,2.306727,-0.04563433,-2.270062,-0.8461794,-0.4809021,-0.2295944,0.0,0.0,0.0,0.0,0.0,0.0,0.0,2.695304,1.00121,1.774317,2.34953,-0.03250634,-2.427743,0.1617787,-0.7303942,0.1662173,0.642436,26.78688,262.3202,358.5392,0.7203325,-0.01501101,-0.6934654,0.0,0.0,0.0,1.44132,-0.5344247,-2.476983,0.01813273,0.01134674,1.043897,-0.1222076,-0.02275643,0.9922438,-0.4498923,0.892399,-0.03494343,-0.8846822,-0.4506732,-0.1192959,static,74.81939,64.47905,0.9951407,0.6227576
3127,05/05/2023 15:40:28.563825,3334,True,True,True,True,Eyes,2.308219,-0.04523838,-2.277077,-0.8484778,-0.4800738,-0.2227431,0.0,0.0,0.0,0.0,0.0,0.0,0.0,2.684468,1.004021,1.799083,2.349824,-0.03214706,-2.434836,0.1611689,-0.7281215,0.1631594,0.6459433,26.47528,262.7946,358.4689,0.7195709,-0.01491989,-0.6942576,0.0,0.0,0.0,1.44132,-0.5344247,-2.476983,0.02088612,0.008655421,1.042447,-0.1135636,-0.02391772,0.9932427,-0.4454845,0.8948072,-0.02938767,-0.8880579,-0.4458116,-0.1122726,static,75.29058,65.10979,1.147806,0.4757152
3128,05/05/2023 15:40:28.573904,3335,True,True,True,True,Eyes,2.30967,-0.04487347,-2.284085,-0.8509865,-0.4789005,-0.2155834,0.0,0.0,0.0,0.0,0.0,0.0,0.0,2.674202,1.006194,1.823615,2.350334,-0.03179608,-2.442186,0.1604726,-0.7259401,0.1599583,0.6493635,26.14538,263.2519,358.3885,0.7188003,-0.01482308,-0.6950576,0.0,0.0,0.0,1.44132,-0.5344247,-2.476983,0.02300516,0.003042839,1.040612,-0.1051513,-0.02524484,0.9941358,-0.440729,0.8973238,-0.02383018,-0.8914601,-0.4406502,-0.1054808,static,75.78414,65.76448,1.26645,0.1675373
3129,05/05/2023 15:40:28.594138,3336,True,True,True,True,Eyes,2.31111,-0.04451857,-2.291113,-0.853408,-0.477752,-0.2084417,0.0,0.0,0.0,0.0,0.0,0.0,0.0,2.663405,1.009422,1.848178,2.350929,-0.03221354,-2.449596,0.15986,-0.7235872,0.1571217,0.652824,25.85553,263.7309,358.3317,0.7180212,-0.01472219,-0.6958646,0.0,0.0,0.0,1.44132,-0.5344247,-2.476983,0.02481407,0.001927264,1.038861,-0.09653114,-0.02619962,0.994985,-0.4364909,0.8995151,-0.01866161,-0.8945152,-0.4361034,-0.09826706,static,76.27444,66.4285,1.368298,0.1062933
3130,05/05/2023 15:40:28.613671,3337,True,True,True,True,Eyes,2.312521,-0.04416463,-2.298168,-0.8559227,-0.4763924,-0.2011134,0.0,0.0,0.0,0.0,0.0,0.0,0.0,2.655152,1.018141,1.866741,2.352113,-0.03210298,-2.457174,0.1604382,-0.7212005,0.1561992,0.655539,25.82658,264.1502,358.3049,0.7172344,-0.014618,-0.6966777,0.0,0.0,0.0,1.44132,-0.5344247,-2.476983,0.02519113,-0.001537479,1.037224,-0.08905651,-0.02662682,0.9956706,-0.4362055,0.8997228,-0.01495493,-0.8954294,-0.4356488,-0.09174101,static,76.77725,67.11252,1.391273,-0.08492964
3131,05/05/2023 15:40:28.623738,3338,True,True,True,True,Eyes,2.313892,-0.04381232,-2.30525,-0.8584083,-0.4749532,-0.19379,0.0,0.0,0.0,0.0,0.0,0.0,0.0,2.647276,1.028126,1.883085,2.352816,-0.0317834,-2.464623,0.1613666,-0.7187501,0.1560102,0.6580426,25.88949,264.5605,358.303,0.7164392,-0.01451081,-0.6974976,0.0,0.0,0.0,1.44132,-0.5344247,-2.476983,0.0269812,0.002548881,1.036292,-0.0818818,-0.02664172,0.996286,-0.4372872,0.8992433,-0.01189257,-0.8955867,-0.4366368,-0.0852817,static,77.27845,67.8036,1.491433,0.1409253
3132,05/05/2023 15:40:28.644394,3339,True,True,True,True,Eyes,2.315246,-0.04348939,-2.312338,-0.8609987,-0.4732206,-0.1863957,0.0,0.0,0.0,0.0,0.0,0.0,0.0,2.638167,1.029482,1.90575,2.353272,-0.03149414,-2.4724,0.1607362,-0.716442,0.1540707,0.6611634,25.67788,265.019,358.3097,0.715636,-0.01440107,-0.6983239,0.0,0.0,0.0,1.44132,-0.5344247,-2.476983,0.02646959,0.005954795,1.034901,-0.07405382,-0.02658449,0.9968999,-0.434048,0.9008523,-0.008219674,-0.897841,-0.4333111,-0.07825051,static,77.78467,68.50114,1.465131,0.3296748
3435,05/05/2023 15:40:33.693538,3642,True,True,True,True,Eyes,0.7183018,0.01417993,-3.139406,0.1568797,-0.0458154,0.9865544,0.0,0.0,0.0,0.0,0.0,0.0,0.0,-1.623851,-0.3043608,2.720672,0.5440927,0.02020536,-3.136102,-0.02686969,0.183955,-0.05598784,0.9809709,358.1595,21.35255,353.1199,0.2434044,0.003862053,-0.9699169,0.0,0.0,0.0,0.8086562,0.005957425,-2.542094,0.0280986,-0.02474144,0.5983403,0.9260519,-0.1197305,-0.3579002,0.09995927,0.9922867,-0.07331526,0.3639178,0.03211829,0.9308771,static,9.035395,-2.658895,2.688686,-2.367838
3436,05/05/2023 15:40:33.713560,3643,True,True,True,True,Eyes,0.7111375,0.01437576,-3.138949,0.16775,-0.04529241,0.9847886,0.0,0.0,0.0,0.0,0.0,0.0,0.0,-1.656877,-0.2953393,2.700295,0.5374514,0.01956485,-3.136052,-0.02524356,0.1909258,-0.05598114,0.9796818,358.3907,22.15218,353.144,0.2413727,0.003916208,-0.9704243,0.0,0.0,0.0,0.8086562,0.005957425,-2.542094,0.02765113,-0.02454062,0.5987174,0.9208269,-0.1193267,-0.3712666,0.1000481,0.9924577,-0.0708378,0.3769193,0.02808483,0.9258203,static,9.667042,-2.633293,2.644266,-2.347163
3437,05/05/2023 15:40:33.723992,3644,True,True,True,True,Eyes,0.7040213,0.01456929,-3.138501,0.1787465,-0.04488548,0.9828708,0.0,0.0,0.0,0.0,0.0,0.0,0.0,-1.690155,-0.2831501,2.679432,0.5310344,0.01958206,-3.135885,-0.02270539,0.1979475,-0.056642,0.9783114,358.7393,22.95295,353.1169,0.2393352,0.003971323,-0.9709285,0.0,0.0,0.0,0.8086562,0.005957425,-2.542094,0.02663209,-0.02424245,0.5989659,0.9152169,-0.119816,-0.3847364,0.1018381,0.9925523,-0.06685016,0.3898807,0.02200159,0.9206025,static,10.30726,-2.614752,2.545891,-2.317715
3438,05/05/2023 15:40:33.749610,3645,True,True,True,True,Eyes,0.6969162,0.0147478,-3.138033,0.1901048,-0.04446664,0.9807563,0.0,0.0,0.0,0.0,0.0,0.0,0.0,-1.724597,-0.2830098,2.655763,0.5249553,0.01974977,-3.135512,-0.0221333,0.2053297,-0.05732797,0.9767616,358.8715,23.81172,353.0442,0.2372943,0.004027216,-0.9714292,0.0,0.0,0.0,0.8086562,0.005957425,-2.542094,0.02566367,-0.02500958,0.5994419,0.9091064,-0.1210808,-0.3985787,0.1029023,0.9924473,-0.06678019,0.4036541,0.01969564,0.9146996,static,10.96989,-2.595963,2.451484,-2.389077
3439,05/05/2023 15:40:33.763839,3646,True,True,True,True,Eyes,0.6898659,0.01492018,-3.137579,0.2016092,-0.04427045,0.9784651,0.0,0.0,0.0,0.0,0.0,0.0,0.0,-1.762472,-0.2840601,2.628816,0.5190678,0.01943853,-3.134942,-0.02203795,0.2133657,-0.05741466,0.9750349,358.9414,24.75128,353.0278,0.2352498,0.004083362,-0.9719262,0.0,0.0,0.0,0.8086562,0.005957425,-2.542094,0.02500142,-0.02654534,0.600194,0.9023573,-0.1213669,-0.4135473,0.1025583,0.9924358,-0.06747616,0.4186085,0.0184749,0.9079788,static,11.64265,-2.590569,2.385309,-2.532423
3440,05/05/2023 15:40:33.773921,3647,True,True,True,True,Eyes,0.6828736,0.01511367,-3.137117,0.2131318,-0.04400535,0.976032,0.0,0.0,0.0,0.0,0.0,0.0,0.0,-1.801111,-0.2718115,2.602326,0.5132019,0.01951227,-3.134681,-0.01980291,0.2213961,-0.05701777,0.9733143,359.2378,25.67543,353.1211,0.2332037,0.004139535,-0.9724189,0.0,0.0,0.0,0.8086562,0.005957425,-2.542094,0.0249254,-0.02806194,0.6009363,0.8954654,-0.119761,-0.4287177,0.1022238,0.9927136,-0.06379593,0.4332342,0.01330188,0.9011832,static,12.31807,-2.581487,2.37513,-2.673601
3441,05/05/2023 15:40:33.793604,3648,True,True,True,True,Eyes,0.6759504,0.01529596,-3.136648,0.2248028,-0.04366921,0.9734253,0.0,0.0,0.0,0.0,0.0,0.0,0.0,-1.839179,-0.2651201,2.574367,0.5076948,0.02019155,-3.134018,-0.0185639,0.2294195,-0.05623829,0.9715244,359.4118,26.60805,353.235,0.2311572,0.004196406,-0.9729071,0.0,0.0,0.0,0.8086562,0.005957425,-2.542094,0.02568762,-0.02997685,0.6019323,0.888408,-0.1177916,-0.4436851,0.1007559,0.9929852,-0.06187486,0.4478611,0.01026624,0.8940442,static,13.00391,-2.568646,2.44363,-2.851033
3442,05/05/2023 15:40:33.814752,3649,True,True,True,True,Eyes,0.6691337,0.01548134,-3.136189,0.2363172,-0.04333944,0.970709,0.0,0.0,0.0,0.0,0.0,0.0,0.0,-1.875871,-0.2693818,2.545309,0.5022984,0.02007654,-3.133265,-0.01969326,0.2373398,-0.05462985,0.9696895,359.2975,27.54714,353.3788,0.2291121,0.004253558,-0.9733905,0.0,0.0,0.0,0.8086562,0.005957425,-2.542094,0.02684518,-0.03215714,0.6028485,0.8813708,-0.115296,-0.4581402,0.09659999,0.9932555,-0.06412437,0.4624435,0.01226101,0.8865639,static,13.68239,-2.556398,2.549729,-3.053377
3443,05/05/2023 15:40:33.823796,3650,True,True,True,True,Eyes,0.6623814,0.01570533,-3.135709,0.2478842,-0.04309678,0.9678305,0.0,0.0,0.0,0.0,0.0,0.0,0.0,-1.909624,-0.2601527,2.518942,0.4968949,0.02046739,-3.132425,-0.018238,0.2446318,-0.05357816,0.967963,359.479,28.39601,353.5318,0.2270715,0.004311045,-0.9738683,0.0,0.0,0.0,0.8086562,0.005957425,-2.542094,0.0283271,-0.03381964,0.6041684,0.8745694,-0.1126465,-0.4716347,0.09480014,0.9935935,-0.06152125,0.4755433,0.009093568,0.8796453,static,14.36598,-2.549655,2.68441,-3.203912
3444,05/05/2023 15:40:33.849997,3651,True,True,True,True,Eyes,0.6623814,0.01570533,-3.135709,0.2478842,-0.04309678,0.9678305,0.0,0.0,0.0,0.0,0.0,0.0,0.0,-1.940445,-0.2568899,2.493144,0.4915865,0.02163156,-3.131287,-0.01751779,0.2515272,-0.05295523,0.9662418,359.5867,29.20527,353.6184,0.2250364,0.004370057,-0.9743403,0.0,0.0,0.0,0.8086562,0.005957425,-2.542094,0.02995872,-0.03544693,0.6054512,0.8678597,-0.1111475,-0.4842167,0.0935227,0.9937778,-0.06049218,0.4879273,0.007213476,0.8728544,static,14.36598,-2.549655,2.832778,-3.350631
3445,05/05/2023 15:40:33.863890,3652,True,True,True,True,Eyes,0.6623814,0.01570533,-3.135709,0.2478842,-0.04309678,0.9678305,0.0,0.0,0.0,0.0,0.0,0.0,0.0,-1.967243,-0.2654923,2.468386,0.4863419,0.0214115,-3.129932,-0.02003825,0.2577614,-0.05024589,0.9646932,359.269,29.9587,353.8413,0.2232039,0.004423153,-0.9747615,0.0,0.0,0.0,0.8086562,0.005957425,-2.542094,0.03198507,-0.03595733,0.6072402,0.8620688,-0.1072739,-0.4953077,0.08661356,0.9941476,-0.06456442,0.4993351,0.01275863,0.8663151,static,14.36598,-2.549655,3.015146,-3.388775
3446,05/05/2023 15:40:33.883908,3653,True,True,True,True,Eyes,0.6623814,0.01570533,-3.135709,0.2478842,-0.04309678,0.9678305,0.0,0.0,0.0,0.0,0.0,0.0,0.0,-1.989985,-0.2475994,2.449836,0.4809254,0.02126304,-3.129106,-0.01743077,0.2629515,-0.04889284,0.9634118,359.5489,30.55607,354.0663,0.221554,0.004470925,-0.9751376,0.0,0.0,0.0,0.8086562,0.005957425,-2.542094,0.03405378,-0.03535015,0.6092415,0.8569319,-0.1033748,-0.5049567,0.08504096,0.9946113,-0.05929891,0.5083657,0.007873122,0.8611053,static,14.36598,-2.549655,3.19924,-3.320762
3447,05/05/2023 15:40:33.893519,3654,True,True,True,True,Eyes,0.6623814,0.01570533,-3.135709,0.2478842,-0.04309678,0.9678305,0.0,0.0,0.0,0.0,0.0,0.0,0.0,-2.010082,-0.238549,2.430575,0.4763818,0.02293059,-3.126909,-0.01569641,0.2677951,-0.04835028,0.962134,359.7532,31.12,354.1775,0.2200683,0.004513917,-0.9754738,0.0,0.0,0.0,0.8086562,0.005957425,-2.542094,0.03598883,-0.03491741,0.6113418,0.851896,-0.1014457,-0.5137917,0.08463205,0.9948317,-0.05610005,0.5168275,0.004308167,0.8560788,static,14.36598,-2.549655,3.369034,-3.268956
3448,05/05/2023 15:40:33.913617,3655,True,True,True,True,Eyes,0.6623814,0.01570533,-3.135709,0.2478842,-0.04309678,0.9678305,0.0,0.0,0.0,0.0,0.0,0.0,0.0,-2.028738,-0.2519596,2.410623,0.4714324,0.02306388,-3.125314,-0.01847729,0.2726168,-0.04704981,0.960794,359.4355,31.71008,354.2326,0.2187307,0.004552602,-0.9757744,0.0,0.0,0.0,0.8086562,0.005957425,-2.542094,0.0379172,-0.03640661,0.6133182,0.8469328,-0.1004848,-0.5221184,0.0803359,0.9948898,-0.06115885,0.5255958,0.009852597,0.8506774,static,14.36598,-2.549655,3.537697,-3.397095
3449,05/05/2023 15:40:33.924087,3656,True,True,True,True,Eyes,0.6623814,0.01570533,-3.135709,0.2478842,-0.04309678,0.9678305,0.0,0.0,0.0,0.0,0.0,0.0,0.0,-2.046079,-0.2548085,2.392335,0.4663215,0.02302732,-3.123563,-0.01874923,0.2771775,-0.04735222,0.9594681,359.4426,32.25489,354.188,0.217527,0.004587396,-0.9760433,0.0,0.0,0.0,0.8086562,0.005957425,-2.542094,0.03959426,-0.03750424,0.6154821,0.8418608,-0.1012596,-0.5301102,0.08047216,0.9948124,-0.0622285,0.5336615,0.009728636,0.8456423,static,14.36598,-2.549655,3.680794,-3.486992
3450,05/05/2023 15:40:33.952522,3657,True,True,True,True,Eyes,0.6623814,0.01570533,-3.135709,0.2478842,-0.04309678,0.9678305,0.0,0.0,0.0,0.0,0.0,0.0,0.0,-2.061684,-0.2591198,2.374892,0.4614055,0.0230931,-3.121596,-0.01914047,0.2814344,-0.04793859,0.958191,359.4444,32.76514,354.1084,0.2164431,0.004618713,-0.9762841,0.0,0.0,0.0,0.8086562,0.005957425,-2.542094,0.04156695,-0.03458157,0.6184214,0.836993,-0.1026422,-0.5375009,0.08109509,0.994671,-0.06366359,0.5411711,0.009697301,0.8408566,static,14.36598,-2.549655,3.84533,-3.200595
3451,05/05/2023 15:40:33.963981,3658,True,True,True,True,Eyes,0.6623814,0.01570533,-3.135709,0.2478842,-0.04309678,0.9678305,0.0,0.0,0.0,0.0,0.0,0.0,0.0,-2.075623,-0.2680496,2.35781,0.4565439,0.02295272,-3.119354,-0.02080153,0.2854227,-0.04763593,0.9569912,359.2769,33.25179,354.0848,0.2154676,0.004646888,-0.9764997,0.0,0.0,0.0,0.8086562,0.005957425,-2.542094,0.04264301,-0.03282681,0.6210011,0.8325295,-0.1030488,-0.5443121,0.07929989,0.9945962,-0.0670065,0.5482756,0.012621,0.8362024,static,14.36598,-2.549655,3.92823,-3.025903
3452,05/05/2023 15:40:33.973806,3659,True,True,True,True,Eyes,0.6623814,0.01570533,-3.135709,0.2478842,-0.04309678,0.9678305,0.0,0.0,0.0,0.0,0.0,0.0,0.0,-2.090004,-0.2694475,2.341096,0.4516358,0.02272818,-3.117203,-0.02099131,0.28944,-0.04769822,0.9557766,359.283,33.73316,354.0686,0.2145899,0.004672227,-0.9766929,0.0,0.0,0.0,0.8086562,0.005957425,-2.542094,0.04246752,-0.03290156,0.6235946,0.8278988,-0.1033291,-0.5512773,0.07902623,0.9945685,-0.06773755,0.5552824,0.01251446,0.8315678,static,14.36598,-2.549655,3.895894,-3.02019
3453,05/05/2023 15:40:33.993581,3660,True,True,True,True,Eyes,0.6623814,0.01570533,-3.135709,0.2478842,-0.04309678,0.9678305,0.0,0.0,0.0,0.0,0.0,0.0,0.0,-2.104896,-0.274496,2.322845,0.4468959,0.02269111,-3.114693,-0.0216009,0.2936608,-0.04815436,0.9544516,359.2579,34.24256,353.9949,0.2138,0.004695026,-0.976866,0.0,0.0,0.0,0.8086562,0.005957425,-2.542094,0.04168515,-0.02943269,0.6268676,0.822889,-0.1046087,-0.5584897,0.07923534,0.9944291,-0.06951614,0.5626504,0.01295193,0.8265935,static,14.36598,-2.549655,3.804427,-2.688178
3454,05/05/2023 15:40:34.013786,3661,True,True,True,True,Eyes,0.6623814,0.01570533,-3.135709,0.2478842,-0.04309678,0.9678305,0.0,0.0,0.0,0.0,0.0,0.0,0.0,-2.120983,-0.2859692,2.302363,0.4421282,0.02222105,-3.112113,-0.02337438,0.2982526,-0.04868336,0.952958,359.1113,34.80526,353.8724,0.2130887,0.004715549,-0.9770213,0.0,0.0,0.0,0.8086562,0.005957425,-2.542094,0.04021178,-0.03331969,0.6289255,0.8173506,-0.1067293,-0.5661685,0.07884346,0.9941672,-0.07358949,0.5707204,0.01550972,0.8209981,static,14.36598,-2.549655,3.658356,-3.032624
3455,05/05/2023 15:40:34.033602,3662,True,True,True,True,Eyes,0.6623814,0.01570533,-3.135709,0.2478842,-0.04309678,0.9678305,0.0,0.0,0.0,0.0,0.0,0.0,0.0,-2.137314,-0.2900536,2.281794,0.4371847,0.02148822,-3.109217,-0.02373089,0.3029115,-0.04955862,0.9514334,359.1329,35.3675,353.76,0.2124488,0.004734005,-0.9771605,0.0,0.0,0.0,0.8086562,0.005957425,-2.542094,0.03997548,-0.03355353,0.6323718,0.8115771,-0.1086802,-0.5740481,0.07992671,0.9939616,-0.07518047,0.5787523,0.01513298,0.8153629,static,14.36598,-2.549655,3.617148,-3.037255
3456,05/05/2023 15:40:34.045817,3663,True,True,True,True,Eyes,0.6623814,0.01570533,-3.135709,0.2478842,-0.04309678,0.9678305,0.0,0.0,0.0,0.0,0.0,0.0,0.0,-2.154406,-0.2935944,2.26006,0.43236,0.02071423,-3.106151,-0.02434146,0.3077277,-0.04970589,0.9498634,359.1033,35.9508,353.718,0.2118725,0.004750626,-0.9772856,0.0,0.0,0.0,0.8086562,0.005957425,-2.542094,0.0406716,-0.02419198,0.6363263,0.805666,-0.1094087,-0.5821787,0.07944652,0.9938736,-0.07683388,0.5870184,0.01565036,0.8094223,static,14.36598,-2.549655,3.657157,-2.177234
3457,05/05/2023 15:40:34.063995,3664,True,True,True,True,Eyes,0.6623814,0.01570533,-3.135709,0.2478842,-0.04309678,0.9678305,0.0,0.0,0.0,0.0,0.0,0.0,0.0,-2.171748,-0.2938586,2.237919,0.4275204,0.01974552,-3.102896,-0.02497403,0.3125654,-0.04869249,0.9483187,359.0301,36.53692,353.8011,0.2113543,0.004765567,-0.9773977,0.0,0.0,0.0,0.8086562,0.005957425,-2.542094,0.04084425,-0.02706067,0.6385476,0.7998638,-0.107964,-0.5903911,0.07673994,0.9940106,-0.07780584,0.5952553,0.01692749,0.8033583,static,14.36598,-2.549655,3.659898,-2.426656
3458,05/05/2023 15:40:34.073614,3665,True,True,True,True,Eyes,0.6623814,0.01570533,-3.135709,0.2478842,-0.04309678,0.9678305,0.0,0.0,0.0,0.0,0.0,0.0,0.0,-2.188308,-0.2887632,2.21677,0.4227141,0.01891798,-3.099532,-0.02490645,0.3171902,-0.04714476,0.9468619,359.0111,37.09288,353.9674,0.210888,0.004779007,-0.9774983,0.0,0.0,0.0,0.8086562,0.005957425,-2.542094,0.03954493,-0.0332094,0.640591,0.7943355,-0.1050793,-0.5983222,0.07347896,0.9943141,-0.07707364,0.603019,0.01725823,0.7975401,static,14.36598,-2.549655,3.532497,-2.967661
3459,05/05/2023 15:40:34.093637,3666,True,True,True,True,Eyes,0.6623814,0.01570533,-3.135709,0.2478842,-0.04309678,0.9678305,0.0,0.0,0.0,0.0,0.0,0.0,0.0,-2.201701,-0.2872454,2.19746,0.4179785,0.01838596,-3.095769,-0.02575652,0.3212408,-0.04500252,0.9455771,358.8657,37.58613,354.1644,0.2104667,0.004791141,-0.9775882,0.0,0.0,0.0,0.8086562,0.005957425,-2.542094,0.03806059,-0.0303513,0.643687,0.7895584,-0.1016548,-0.6051974,0.0685586,0.9946227,-0.07762282,0.6098339,0.01979625,0.792282,static,14.36598,-2.549655,3.383904,-2.699626
3460,05/05/2023 15:40:34.113672,3667,True,True,True,True,Eyes,0.6623814,0.01570533,-3.135709,0.2478842,-0.04309678,0.9678305,0.0,0.0,0.0,0.0,0.0,0.0,0.0,-2.212625,-0.2855406,2.180193,0.4134562,0.01714014,-3.091803,-0.02697422,0.3247497,-0.04237754,0.944465,358.6575,38.01623,354.3993,0.2100875,0.004802061,-0.9776691,0.0,0.0,0.0,0.8086562,0.005957425,-2.542094,0.03664249,-0.02860436,0.6464434,0.7854835,-0.09756795,-0.6111432,0.06252847,0.9949531,-0.07847661,0.6157157,0.02342823,0.7876201,static,14.36598,-2.549655,3.244237,-2.533618
3461,05/05/2023 15:40:34.123921,3668,True,True,True,True,Eyes,0.6623814,0.01570533,-3.135709,0.2478842,-0.04309678,0.9678305,0.0,0.0,0.0,0.0,0.0,0.0,0.0,-2.219908,-0.2746348,2.167665,0.4087694,0.01593636,-3.087854,-0.02611563,0.3274401,-0.04065388,0.9436358,358.7014,38.33447,354.6148,0.2097463,0.004811889,-0.9777418,0.0,0.0,0.0,0.8086562,0.005957425,-2.542094,0.03410961,-0.03124236,0.6487706,0.7822605,-0.09382749,-0.6158449,0.05962228,0.9953305,-0.07591069,0.6200916,0.02266387,0.7842019,static,14.36598,-2.549655,3.009598,-2.75702
3462,05/05/2023 15:40:34.149778,3669,True,True,True,True,Eyes,0.6521477,0.01559881,-3.133178,0.2613539,-0.04265465,0.9643002,0.0,0.0,0.0,0.0,0.0,0.0,0.0,-2.224797,-0.2689873,2.156667,0.4043362,0.0147927,-3.083762,-0.02611088,0.3296778,-0.0391206,0.9429213,358.6565,38.60405,354.7779,0.2094391,0.004820734,-0.9778073,0.0,0.0,0.0,0.8086562,0.005957425,-2.542094,0.03083956,-0.02844596,0.6517384,0.7795643,-0.09099163,-0.6196774,0.05655893,0.9955756,-0.07503538,0.6237633,0.02344662,0.7812616,static,15.16454,-2.532759,2.709154,-2.499161
3463,05/05/2023 15:40:34.163729,3670,True,True,True,True,Eyes,0.6421554,0.01545635,-3.130578,0.2744041,-0.04228406,0.9606844,0.0,0.0,0.0,0.0,0.0,0.0,0.0,-2.22792,-0.2643777,2.147032,0.4000246,0.01357642,-3.079459,-0.02630402,0.331563,-0.03761732,0.9423158,358.5887,38.83231,354.9305,0.2088742,0.004826061,-0.9779283,0.0,0.0,0.0,0.8086562,0.005957425,-2.542094,0.02726349,-0.02494574,0.6545854,0.777302,-0.08833767,-0.622895,0.05345192,0.9957861,-0.0745184,0.626853,0.02462836,0.7787482,static,15.94114,-2.520219,2.384992,-2.182442
3464,05/05/2023 15:40:34.173698,3671,True,True,True,True,Eyes,0.6325263,0.0152871,-3.127993,0.2871412,-0.04175038,0.956978,0.0,0.0,0.0,0.0,0.0,0.0,0.0,-2.230736,-0.2572163,2.138019,0.3958013,0.01258378,-3.075167,-0.02547598,0.3333864,-0.03714501,0.9417138,358.6698,39.04802,355.0107,0.2080816,0.004827115,-0.9780975,0.0,0.0,0.0,0.8086562,0.005957425,-2.542094,0.02306016,-0.02412334,0.6570452,0.7749475,-0.08694663,-0.6260166,0.05297324,0.9959425,-0.07274944,0.6298018,0.02321488,0.776409,static,16.70187,-2.498077,2.010071,-2.102663
3465,05/05/2023 15:40:34.193884,3672,True,True,True,True,Eyes,0.6231264,0.01509368,-3.125327,0.2995305,-0.04113591,0.9531995,0.0,0.0,0.0,0.0,0.0,0.0,0.0,-2.234254,-0.2594477,2.126722,0.3918447,0.01207325,-3.07058,-0.02600727,0.3355011,-0.03716487,0.9409471,358.6245,39.30833,354.985,0.2070946,0.004823443,-0.9783071,0.0,0.0,0.0,0.8086562,0.005957425,-2.542094,0.01777729,-0.02368261,0.6592694,0.7721156,-0.08739129,-0.6294445,0.05248943,0.9958848,-0.07388064,0.6333106,0.02400521,0.7735253,static,17.44464,-2.471101,1.544615,-2.057323
3466,05/05/2023 15:40:34.213523,3673,True,True,True,True,Eyes,0.6138919,0.01488056,-3.122524,0.3118127,-0.04046968,0.9492813,0.0,0.0,0.0,0.0,0.0,0.0,0.0,-2.238354,-0.2671776,2.114001,0.3879233,0.01128464,-3.065942,-0.0274539,0.3378309,-0.03744667,0.9400608,358.4921,39.6012,354.8948,0.2059397,0.004814751,-0.978551,0.0,0.0,0.0,0.8086562,0.005957425,-2.542094,0.01213962,-0.02105828,0.6618505,0.768936,-0.08895385,-0.633107,0.05185474,0.9956881,-0.07691796,0.6372193,0.02631539,0.7702332,static,18.18392,-2.441151,1.050798,-1.822381
3467,05/05/2023 15:40:34.219584,3674,True,True,True,True,Eyes,0.6048795,0.0146421,-3.119632,0.3237795,-0.03971465,0.9452987,0.0,0.0,0.0,0.0,0.0,0.0,0.0,-2.242401,-0.2759256,2.100639,0.384064,0.01042752,-3.060975,-0.02879737,0.3402371,-0.03833774,0.9391166,358.3955,39.90406,354.7421,0.204638,0.004800914,-0.9788243,0.0,0.0,0.0,0.8086562,0.005957425,-2.542094,0.006424934,-0.02043591,0.6638495,0.7655378,-0.09160307,-0.6368365,0.05241134,0.9954019,-0.08017601,0.6412526,0.02800033,0.7668189,static,18.90713,-2.405742,0.5545084,-1.763234
3468,05/05/2023 15:40:34.243902,3675,True,True,True,True,Eyes,0.5960943,0.0143766,-3.116656,0.3356659,-0.03868875,0.9411863,0.0,0.0,0.0,0.0,0.0,0.0,0.0,-2.246735,-0.2900319,2.085962,0.3803508,0.00956841,-3.055882,-0.03081075,0.3428151,-0.03984082,0.9380519,358.2529,40.23409,354.496,0.2032113,0.004781641,-0.9791217,0.0,0.0,0.0,0.8086562,0.005957425,-2.542094,0.0008033216,-0.02233822,0.6656111,0.7617811,-0.09587029,-0.6407015,0.05362075,0.9949268,-0.08512022,0.6456116,0.03048809,0.7630571,static,19.62833,-2.353896,0.06914987,-1.922152
3469,05/05/2023 15:40:34.263793,3676,True,True,True,True,Eyes,0.5875204,0.01409877,-3.113593,0.3473531,-0.03770501,0.9369761,0.0,0.0,0.0,0.0,0.0,0.0,0.0,-2.253092,-0.3092657,2.067949,0.3767377,0.008658516,-3.050652,-0.03344711,0.3459803,-0.04197155,0.9367055,358.0735,40.64265,354.1553,0.201678,0.004756599,-0.9794388,0.0,0.0,0.0,0.8086562,0.005957425,-2.542094,-0.00412932,-0.02117991,0.6674061,0.757072,-0.1017741,-0.6453558,0.05548589,0.9942394,-0.09170284,0.6509711,0.03361752,0.7583578,static,20.34061,-2.304405,-0.3544912,-1.817653
3470,05/05/2023 15:40:34.273957,3677,True,True,True,True,Eyes,0.5791968,0.01379658,-3.110471,0.3589979,-0.03658509,0.932621,0.0,0.0,0.0,0.0,0.0,0.0,0.0,-2.263058,-0.3250933,2.046178,0.3731922,0.00811214,-3.045426,-0.03468037,0.3500192,-0.04544241,0.9349967,358.1066,41.15093,353.7242,0.2000552,0.004725961,-0.9797719,0.0,0.0,0.0,0.8086562,0.005957425,-2.542094,-0.008383274,-0.021565,0.6688741,0.750843,-0.1092546,-0.6513817,0.06069942,0.9934645,-0.0966635,0.6576856,0.03304062,0.7525676,static,21.05343,-2.246461,-0.7180739,-1.846619
3471,05/05/2023 15:40:34.297754,3678,True,True,True,True,Eyes,0.5710562,0.01346492,-3.10726,0.3704986,-0.03548869,0.9281548,0.0,0.0,0.0,0.0,0.0,0.0,0.0,-2.275523,-0.3462597,2.019696,0.3696329,0.007390315,-3.0398,-0.0374825,0.3547887,-0.04782793,0.9329699,357.9368,41.7615,353.3435,0.1983585,0.004689484,-0.980117,0.0,0.0,0.0,0.8086562,0.005957425,-2.542094,-0.01164597,-0.02540029,0.6699987,0.743675,-0.1158408,-0.6584288,0.06264729,0.9926152,-0.1038777,0.6655998,0.03600245,0.7454401,static,21.76078,-2.18968,-0.9958196,-2.171098
3472,05/05/2023 15:40:34.313806,3679,True,True,True,True,Eyes,0.5630806,0.01313417,-3.103946,0.3820528,-0.03457476,0.9234935,0.0,0.0,0.0,0.0,0.0,0.0,0.0,-2.288141,-0.3549721,1.994869,0.3658453,0.006365532,-3.034339,-0.03850438,0.3594252,-0.04933397,0.9310732,357.9233,42.34116,353.1296,0.1966006,0.004646796,-0.9804715,0.0,0.0,0.0,0.8086562,0.005957425,-2.542094,-0.01399058,-0.02216178,0.671966,0.7367595,-0.1195459,-0.665503,0.06418818,0.9921671,-0.1071645,0.6731013,0.03623705,0.738662,static,22.47507,-2.144101,-1.192747,-1.888959
3473,05/05/2023 15:40:34.323625,3680,True,True,True,True,Eyes,0.5552979,0.0127945,-3.100559,0.3934549,-0.03364101,0.9187282,0.0,0.0,0.0,0.0,0.0,0.0,0.0,-2.299209,-0.357834,1.972599,0.3622913,0.006014525,-3.028905,-0.03822404,0.3636229,-0.05102014,0.9293624,358.0548,42.8567,352.952,0.194793,0.004598537,-0.9808325,0.0,0.0,0.0,0.8086562,0.005957425,-2.542094,-0.01568836,-0.02157257,0.6723036,0.7303506,-0.1226307,-0.6719745,0.0670341,0.9918718,-0.1081521,0.6797753,0.03394379,0.7326346,static,23.18353,-2.097059,-1.336768,-1.83785
3474,05/05/2023 15:40:34.343656,3681,True,True,True,True,Eyes,0.5476883,0.0124763,-3.097082,0.4049211,-0.03290555,0.9137594,0.0,0.0,0.0,0.0,0.0,0.0,0.0,-2.311507,-0.3674794,1.947698,0.3590954,0.005460957,-3.023682,-0.0395882,0.3681472,-0.05203019,0.927466,357.9871,43.42716,352.7766,0.192946,0.004544948,-0.9811978,0.0,0.0,0.0,0.8086562,0.005957425,-2.542094,-0.017185,-0.02559693,0.6732067,0.7235211,-0.125661,-0.6787685,0.0673639,0.9914513,-0.1117429,0.6870076,0.03512387,0.7258008,static,23.89993,-2.062397,-1.462276,-2.177474
3475,05/05/2023 15:40:34.363753,3682,True,True,True,True,Eyes,0.5402588,0.0122856,-3.093526,0.4162605,-0.03241017,0.9086676,0.0,0.0,0.0,0.0,0.0,0.0,0.0,-2.325614,-0.3710335,1.921028,0.3559147,0.005652013,-3.018243,-0.03900485,0.3731551,-0.05424292,0.9253604,358.1831,44.04209,352.5556,0.1910683,0.00448721,-0.9815655,0.0,0.0,0.0,0.8086562,0.005957425,-2.542094,-0.01831636,-0.02561692,0.67424,0.715626,-0.1294982,-0.6863742,0.07127877,0.9910727,-0.1126691,0.6948371,0.03170504,0.718468,static,24.61251,-2.042749,-1.556111,-2.175836
3476,05/05/2023 15:40:34.383568,3683,True,True,True,True,Eyes,0.5330358,0.01218787,-3.089853,0.4276718,-0.03140076,0.9033885,0.0,0.0,0.0,0.0,0.0,0.0,0.0,-2.33923,-0.3794729,1.893319,0.3527645,0.008597285,-3.012663,-0.03792616,0.3783466,-0.05805232,0.9230631,358.5051,44.67771,352.1884,0.1891685,0.004429785,-0.9819338,0.0,0.0,0.0,0.8086562,0.005957425,-2.542094,-0.0190779,-0.02577726,0.6750345,0.7069676,-0.1358704,-0.6940721,0.07847346,0.990383,-0.1139443,0.702879,0.02608868,0.7108309,static,25.33327,-1.990735,-1.618869,-2.186868
3477,05/05/2023 15:40:34.394082,3684,True,True,True,True,Eyes,0.5259699,0.01203595,-3.086094,0.438986,-0.030064,0.8979908,0.0,0.0,0.0,0.0,0.0,0.0,0.0,-2.353309,-0.4192998,1.855908,0.3502504,0.01066592,-3.005908,-0.04493792,0.3843033,-0.0582836,0.9202688,357.8272,45.4857,351.8413,0.1872546,0.004375581,-0.9823008,0.0,0.0,0.0,0.8086562,0.005957425,-2.542094,-0.01931486,-0.02766122,0.6755469,0.6978281,-0.1418127,-0.7020863,0.07273357,0.9891672,-0.1275071,0.7125629,0.03791278,0.7005832,static,26.05186,-1.9175,-1.637722,-2.344746
3478,05/05/2023 15:40:34.413956,3685,True,True,True,True,Eyes,0.5190476,0.01190099,-3.082255,0.4501258,-0.02937408,0.8924819,0.0,0.0,0.0,0.0,0.0,0.0,0.0,-2.367102,-0.4274488,1.826028,0.3468988,0.009111761,-2.999974,-0.04886531,0.3893036,-0.05463818,0.9181883,357.295,46.14134,352.0368,0.1853331,0.004322555,-0.9826654,0.0,0.0,0.0,0.8086562,0.005957425,-2.542094,-0.0197354,-0.02742223,0.6762801,0.6909148,-0.1383832,-0.7095681,0.06228939,0.9892537,-0.1322768,0.7202478,0.04719343,0.6921098,static,26.76422,-1.885084,-1.671547,-2.321993
3479,05/05/2023 15:40:34.424214,3686,True,True,True,True,Eyes,0.512308,0.01180294,-3.07835,0.461022,-0.02880021,0.8869212,0.0,0.0,0.0,0.0,0.0,0.0,0.0,-2.377347,-0.3897062,1.811289,0.3436428,0.009468015,-2.994367,-0.04130268,0.3926864,-0.05520931,0.9170843,358.1435,46.485,352.3124,0.1834091,0.004271127,-0.9830266,0.0,0.0,0.0,0.8086562,0.005957425,-2.542094,-0.02035186,-0.02778115,0.6766347,0.6854987,-0.1337012,-0.7156923,0.06882517,0.990492,-0.1191159,0.7248136,0.03239617,0.688183,static,27.46543,-1.859862,-1.722826,-2.35112
3480,05/05/2023 15:40:34.443969,3687,True,True,True,True,Eyes,0.5057114,0.01168236,-3.074406,0.4717179,-0.02858394,0.881286,0.0,0.0,0.0,0.0,0.0,0.0,0.0,-2.386682,-0.3766417,1.79204,0.3412555,0.01026076,-2.988805,-0.03966957,0.3961313,-0.05347231,0.9157769,358.2641,46.89587,352.5636,0.1814875,0.004222296,-0.9833834,0.0,0.0,0.0,0.8086562,0.005957425,-2.542094,-0.02140957,-0.02921789,0.6769178,0.6804414,-0.1293661,-0.7212934,0.06650867,0.9911341,-0.115021,0.7297782,0.03029283,0.6830126,static,28.1584,-1.8577,-1.811548,-2.471531
3481,05/05/2023 15:40:34.463760,3688,True,True,True,True,Eyes,0.4992552,0.01157241,-3.070424,0.4821536,-0.02896876,0.8756077,0.0,0.0,0.0,0.0,0.0,0.0,0.0,-2.395858,-0.3566548,1.77502,0.3381107,0.009649492,-2.983894,-0.03641998,0.3994835,-0.05267694,0.9145009,358.5947,47.28304,352.7914,0.1795728,0.004175087,-0.983735,0.0,0.0,0.0,0.8086562,0.005957425,-2.542094,-0.0223904,-0.02838312,0.6771662,0.6752762,-0.1254446,-0.7268189,0.06724785,0.9917974,-0.1086993,0.7344929,0.02452507,0.6781731,static,28.83939,-1.894892,-1.893786,-2.400122
3482,05/05/2023 15:40:34.474110,3689,True,True,True,True,Eyes,0.4929375,0.01149632,-3.066406,0.4924177,-0.02951952,0.8698583,0.0,0.0,0.0,0.0,0.0,0.0,0.0,-2.405574,-0.3292331,1.758154,0.335004,0.009934338,-2.978919,-0.02965001,0.4030363,-0.05512657,0.9130411,359.4438,47.6702,352.844,0.1776679,0.004129662,-0.9840811,0.0,0.0,0.0,0.8086562,0.005957425,-2.542094,-0.02359828,-0.02810965,0.677222,0.6690457,-0.1245657,-0.7327082,0.07676557,0.9921638,-0.09857935,0.7392462,0.009707333,0.6733653,static,29.51375,-1.943644,-1.995705,-2.376828
3483,05/05/2023 15:40:34.493736,3690,True,True,True,True,Eyes,0.4867639,0.01145773,-3.062348,0.5024616,-0.03008087,0.864076,0.0,0.0,0.0,0.0,0.0,0.0,0.0,-2.412017,-0.3233101,1.741576,0.3320929,0.01070728,-2.974062,-0.02769193,0.4060978,-0.05626854,0.9116752,359.7255,48.03757,352.8141,0.1757756,0.004086922,-0.9844211,0.0,0.0,0.0,0.8086562,0.005957425,-2.542094,-0.02474731,-0.02809086,0.6771648,0.6638369,-0.1250885,-0.7373422,0.08010602,0.992134,-0.09619314,0.743575,0.004791028,0.6686355,static,30.17807,-1.993819,-2.09297,-2.375442
3484,05/05/2023 15:40:34.513919,3691,True,True,True,True,Eyes,0.4807288,0.01145952,-3.058233,0.5123419,-0.03044629,0.8582417,0.0,0.0,0.0,0.0,0.0,0.0,0.0,-2.418761,-0.3251825,1.722564,0.3293499,0.01157927,-2.968967,-0.0276492,0.409417,-0.0566622,0.9101663,359.7746,48.45321,352.7739,0.1738989,0.004047805,-0.9847545,0.0,0.0,0.0,0.8086562,0.005957425,-2.542094,-0.02559823,-0.02749202,0.6770859,0.6583341,-0.1257841,-0.7421418,0.08050394,0.9920498,-0.09672768,0.7484086,0.00393379,0.6632264,static,30.8358,-2.031727,-2.16512,-2.325129
3485,05/05/2023 15:40:34.523749,3692,True,True,True,True,Eyes,0.4748375,0.01147715,-3.054078,0.522061,-0.03057561,0.8523599,0.0,0.0,0.0,0.0,0.0,0.0,0.0,-2.426641,-0.3278055,1.701303,0.3268707,0.01248405,-2.963692,-0.02820919,0.4130451,-0.05624983,0.908534,359.7255,48.91306,352.7895,0.1720407,0.004013261,-0.985081,0.0,0.0,0.0,0.8086562,0.005957425,-2.542094,-0.02535653,-0.02855521,0.6766693,0.6524593,-0.1255131,-0.7473575,0.07890642,0.9920804,-0.09772544,0.7537046,0.004790578,0.657196,static,31.48701,-2.054417,-2.146016,-2.416428
3486,05/05/2023 15:40:34.543627,3693,True,True,True,True,Eyes,0.4690593,0.01149693,-3.049875,0.5318622,-0.03056384,0.8462791,0.0,0.0,0.0,0.0,0.0,0.0,0.0,-2.43463,-0.3335449,1.679103,0.3243895,0.01282277,-2.958491,-0.03056244,0.4167102,-0.05405247,0.9069162,359.4049,49.3926,352.9047,0.1702024,0.003983333,-0.9854004,0.0,0.0,0.0,0.8086562,0.005957425,-2.542094,-0.02443683,-0.02955433,0.6760308,0.6468619,-0.1235135,-0.7525385,0.07257076,0.9922886,-0.1004836,0.7591463,0.01038671,0.650837,static,32.14819,-2.06837,-2.070199,-2.503231
3487,05/05/2023 15:40:34.565632,3694,True,True,True,True,Eyes,0.463409,0.01153087,-3.045646,0.541496,-0.030694,0.8401428,0.0,0.0,0.0,0.0,0.0,0.0,0.0,-2.443016,-0.3302239,1.658157,0.321697,0.01280096,-2.953508,-0.03052984,0.4203672,-0.05301318,0.9052895,359.3865,49.85264,353.0121,0.1683856,0.003957643,-0.9857125,0.0,0.0,0.0,0.8086562,0.005957425,-2.542094,-0.02235174,-0.02751921,0.6757266,0.6409621,-0.121652,-0.757871,0.07031705,0.9925151,-0.09984668,0.7643449,0.01070669,0.6447187,static,32.80293,-2.092328,-1.894544,-2.332103
3488,05/05/2023 15:40:34.574069,3695,True,True,True,True,Eyes,0.4578813,0.01159743,-3.041391,0.5510285,-0.03082587,0.8339168,0.0,0.0,0.0,0.0,0.0,0.0,0.0,-2.452523,-0.3250244,1.635762,0.3190634,0.01347561,-2.9486,-0.02903217,0.4243887,-0.05353201,0.9034302,359.5977,50.34833,353.0288,0.166592,0.003936231,-0.9860173,0.0,0.0,0.0,0.8086562,0.005957425,-2.542094,-0.01966208,-0.02657255,0.6751773,0.6340572,-0.1213667,-0.7637026,0.072083,0.9925829,-0.09789382,0.7699192,0.007020324,0.6381028,static,33.45559,-2.116984,-1.66806,-2.253792
3489,05/05/2023 15:40:34.593688,3696,True,True,True,True,Eyes,0.4524641,0.01172215,-3.037103,0.5604678,-0.03096868,0.827597,0.0,0.0,0.0,0.0,0.0,0.0,0.0,-2.463598,-0.3242403,1.60981,0.316534,0.01431841,-2.943728,-0.02863216,0.428952,-0.05357642,0.9012825,359.6764,50.92251,353.0421,0.1648224,0.003919734,-0.9863148,0.0,0.0,0.0,0.8086562,0.005957425,-2.542094,-0.01641899,-0.02578834,0.6744365,0.6262596,-0.1211386,-0.7701457,0.07201133,0.9926195,-0.09757475,0.7762818,0.005647905,0.6303608,static,34.10677,-2.143008,-1.394577,-2.189745
3490,05/05/2023 15:40:34.613797,3697,True,True,True,True,Eyes,0.4471276,0.01186986,-3.032751,0.569914,-0.03094244,0.8211216,0.0,0.0,0.0,0.0,0.0,0.0,0.0,-2.475142,-0.322549,1.582165,0.3137414,0.01557137,-2.938526,-0.02848408,0.433781,-0.05278501,0.8990199,359.6894,51.53366,353.1297,0.1630778,0.003909565,-0.9866048,0.0,0.0,0.0,0.8086562,0.005957425,-2.542094,-0.01319584,-0.02351001,0.6737459,0.6180956,-0.1196212,-0.7769483,0.07019784,0.9928048,-0.09700976,0.7829624,0.00542123,0.6220455,static,34.76327,-2.158064,-1.122039,-1.998496
3491,05/05/2023 15:40:34.623835,3698,True,True,True,True,Eyes,0.441893,0.01204402,-3.028384,0.5792503,-0.03100241,0.8145599,0.0,0.0,0.0,0.0,0.0,0.0,0.0,-2.487103,-0.3181077,1.554271,0.3111131,0.01608825,-2.933528,-0.02891114,0.4385879,-0.05042699,0.8968065,359.5633,52.14775,353.3496,0.161358,0.003905863,-0.9868876,0.0,0.0,0.0,0.8086562,0.005957425,-2.542094,-0.01029184,-0.02325738,0.6726221,0.6101955,-0.1158067,-0.7837412,0.06508636,0.9932425,-0.09608874,0.7895728,0.007622057,0.6136096,static,35.41741,-2.179644,-0.8766189,-1.980338
3492,05/05/2023 15:40:34.643730,3699,True,True,True,True,Eyes,0.4367862,0.01225637,-3.024012,0.5885081,-0.03094822,0.8078988,0.0,0.0,0.0,0.0,0.0,0.0,0.0,-2.499088,-0.3042807,1.527947,0.3082674,0.01691284,-2.928709,-0.02715312,0.4432911,-0.04847365,0.8946542,359.6786,52.73366,353.638,0.1596633,0.003908862,-0.9871632,0.0,0.0,0.0,0.8086562,0.005957425,-2.542094,-0.007661283,-0.02378057,0.6714438,0.6022868,-0.1108078,-0.790552,0.06266084,0.993826,-0.09156117,0.7958169,0.005609428,0.6055114,static,36.0712,-2.19376,-0.6537258,-2.0284
3493,05/05/2023 15:40:34.663578,3700,True,True,True,True,Eyes,0.4317848,0.01249635,-3.019629,0.5977247,-0.03083462,0.8011082,0.0,0.0,0.0,0.0,0.0,0.0,0.0,-2.512569,-0.2960277,1.497643,0.3060554,0.01805517,-2.923965,-0.02632867,0.44853,-0.04668262,0.8921594,359.7077,53.39728,353.8624,0.1579943,0.003919162,-0.9874316,0.0,0.0,0.0,0.8086562,0.005957425,-2.542094,-0.00499171,-0.02379793,0.6700336,0.5932831,-0.1069151,-0.7978624,0.05967829,0.9942551,-0.08885586,0.8027788,0.005101631,0.5962552,static,36.72744,-2.204224,-0.4268422,-2.034148
3494,05/05/2023 15:40:34.673648,3701,True,True,True,True,Eyes,0.4268956,0.01276028,-3.015266,0.6066762,-0.03076923,0.7943534,0.0,0.0,0.0,0.0,0.0,0.0,0.0,-2.526038,-0.2936644,1.465326,0.3035227,0.01894026,-2.919213,-0.02672148,0.4540584,-0.0449498,0.8894361,359.6153,54.10886,354.0173,0.1563524,0.003936957,-0.9876929,0.0,0.0,0.0,0.8086562,0.005957425,-2.542094,-0.002563566,-0.02436035,0.6684583,0.5836208,-0.1042262,-0.8053097,0.0556937,0.994531,-0.08835377,0.8101141,0.006714425,0.5862337,static,37.37027,-2.218239,-0.2197307,-2.087083
3495,05/05/2023 15:40:34.693878,3702,True,True,True,True,Eyes,0.4220915,0.01304062,-3.010884,0.6155797,-0.03062829,0.7874793,0.0,0.0,0.0,0.0,0.0,0.0,0.0,-2.538237,-0.2931415,1.433719,0.3006265,0.01988625,-2.914337,-0.02663446,0.4595024,-0.04455164,0.8866586,359.6397,54.80873,354.0602,0.1547369,0.003962316,-0.9879472,0.0,0.0,0.0,0.8086562,0.005957425,-2.542094,-0.0009326339,-0.02535637,0.6667446,0.5737454,-0.1034814,-0.8124703,0.05452699,0.9946115,-0.08817451,0.8172167,0.006288169,0.5762963,static,38.01506,-2.227345,-0.08014455,-2.177915
3496,05/05/2023 15:40:34.713800,3703,True,True,True,True,Eyes,0.4173683,0.01332711,-3.006486,0.6243224,-0.03041049,0.7805747,0.0,0.0,0.0,0.0,0.0,0.0,0.0,-2.549188,-0.2989923,1.402122,0.2978221,0.02054349,-2.909395,-0.02789705,0.4648089,-0.04419834,0.8838671,359.5286,55.50266,354.0265,0.153148,0.003995048,-0.9881947,0.0,0.0,0.0,0.8086562,0.005957425,-2.542094,-0.0006613135,-0.02436213,0.6651192,0.5639985,-0.1040645,-0.8191924,0.05219732,0.9945365,-0.09040212,0.8241245,0.008227006,0.5663489,static,38.65366,-2.231064,-0.05696792,-2.097705
3497,05/05/2023 15:40:34.724200,3704,True,True,True,True,Eyes,0.4127145,0.01361224,-3.002057,0.6330084,-0.03011081,0.7735591,0.0,0.0,0.0,0.0,0.0,0.0,0.0,-2.559168,-0.3055418,1.371138,0.2949165,0.02097229,-2.904359,-0.02939971,0.4699683,-0.04380992,0.8811051,359.3909,56.18161,353.9819,0.1515851,0.004034654,-0.9884355,0.0,0.0,0.0,0.8086562,0.005957425,-2.542094,-0.001047879,-0.02561931,0.6631728,0.5544211,-0.1048361,-0.8256068,0.04956842,0.9944327,-0.09298701,0.8307589,0.01062992,0.556531,static,39.29368,-2.229115,-0.09053299,-2.212317
3498,05/05/2023 15:40:34.743736,3705,True,True,True,True,Eyes,0.4081293,0.01390511,-2.997593,0.6417106,-0.02991138,0.7663634,0.0,0.0,0.0,0.0,0.0,0.0,0.0,-2.568493,-0.3115508,1.340189,0.2918892,0.0212056,-2.899082,-0.03083076,0.4750935,-0.0434614,0.8783206,359.263,56.85794,353.9354,0.1500479,0.004080428,-0.9886699,0.0,0.0,0.0,0.8086562,0.005957425,-2.542094,-0.001296788,-0.02473291,0.6616446,0.5447946,-0.1056411,-0.8318888,0.0470511,0.9943211,-0.09545502,0.8372486,0.01286212,0.5466714,static,39.94096,-2.235136,-0.1122966,-2.140774
3499,05/05/2023 15:40:34.763955,3706,True,True,True,True,Eyes,0.4036065,0.01419438,-2.993093,0.6503423,-0.02962403,0.7590634,0.0,0.0,0.0,0.0,0.0,0.0,0.0,-2.577163,-0.3172702,1.309728,0.2889883,0.02165623,-2.893757,-0.03205914,0.4801014,-0.04328696,0.8755576,359.1649,57.5199,353.8809,0.148535,0.004132071,-0.9888981,0.0,0.0,0.0,0.8086562,0.005957425,-2.542094,-0.001114577,-0.0227846,0.6600803,0.5352577,-0.1065837,-0.8379375,0.04501718,0.9941969,-0.09770352,0.8434885,0.01457499,0.5369497,static,40.58896,-2.234953,-0.09674656,-1.976946
3500,05/05/2023 15:40:34.773997,3707,True,True,True,True,Eyes,0.3991268,0.01449077,-2.988523,0.6590479,-0.02940629,0.7515259,0.0,0.0,0.0,0.0,0.0,0.0,0.0,-2.585396,-0.3228257,1.279047,0.2859244,0.02183824,-2.88829,-0.03351842,0.4851164,-0.04283957,0.8727562,359.0292,58.18671,353.8395,0.1470464,0.004188889,-0.9891203,0.0,0.0,0.0,0.8086562,0.005957425,-2.542094,-0.00168252,-0.02303768,0.658406,0.5256538,-0.1072977,-0.8439049,0.04225633,0.9940826,-0.1000712,0.8496485,0.01694247,0.5270773,static,41.24903,-2.240771,-0.1464159,-2.003966
3501,05/05/2023 15:40:34.793968,3708,True,True,True,True,Eyes,0.3946993,0.01477139,-2.983915,0.6677243,-0.02914556,0.743838,0.0,0.0,0.0,0.0,0.0,0.0,0.0,-2.594351,-0.3278854,1.246045,0.2829573,0.02218064,-2.882748,-0.03474113,0.4904929,-0.04255236,0.8697122,358.9293,58.90157,353.7933,0.1455805,0.004250663,-0.9893369,0.0,0.0,0.0,0.8086562,0.005957425,-2.542094,-0.002862304,-0.02107374,0.656689,0.5152122,-0.1080972,-0.8502185,0.03993604,0.9939647,-0.1021728,0.8561318,0.01868632,0.5164196,static,41.91351,-2.243854,-0.249733,-1.838042
3502,05/05/2023 15:40:34.813804,3709,True,True,True,True,Eyes,0.3903177,0.01503001,-2.97927,0.6762511,-0.02914698,0.7360943,0.0,0.0,0.0,0.0,0.0,0.0,0.0,-2.604412,-0.3289692,1.210521,0.2797312,0.02207011,-2.877118,-0.03551627,0.4963246,-0.04185632,0.8663999,358.8544,59.67515,353.8112,0.144137,0.004316394,-0.989548,0.0,0.0,0.0,0.8086562,0.005957425,-2.542094,-0.003949553,-0.02045774,0.6548629,0.5038199,-0.1077838,-0.857058,0.03727342,0.9939733,-0.1030912,0.8630043,0.01999395,0.504801,static,42.57375,-2.267545,-0.3455532,-1.789322
3503,05/05/2023 15:40:34.824017,3710,True,True,True,True,Eyes,0.385974,0.01526048,-2.974591,0.6847692,-0.02919731,0.7281749,0.0,0.0,0.0,0.0,0.0,0.0,0.0,-2.615222,-0.3244199,1.173865,0.2764347,0.02179801,-2.871533,-0.03530011,0.5024009,-0.0409256,0.8629441,358.8654,60.4758,353.9081,0.1427144,0.004385006,-0.9897538,0.0,0.0,0.0,0.8086562,0.005957425,-2.542094,-0.005081147,-0.03045554,0.6514045,0.4918368,-0.1061026,-0.8641985,0.03516339,0.994158,-0.1020461,0.8699772,0.01980191,0.4926943,static,43.24042,-2.296133,-0.4469149,-2.676838
3504,05/05/2023 15:40:34.849972,3711,True,True,True,True,Eyes,0.3816596,0.01544646,-2.969885,0.6930686,-0.02945415,0.7202696,0.0,0.0,0.0,0.0,0.0,0.0,0.0,-2.625935,-0.3186933,1.136272,0.2729482,0.02136207,-2.865878,-0.03468299,0.5086486,-0.04025688,0.859333,358.9311,61.29951,354.0023,0.1413124,0.00445528,-0.9899547,0.0,0.0,0.0,0.8086562,0.005957425,-2.542094,-0.005425394,-0.03492472,0.649334,0.4793119,-0.104471,-0.8714047,0.03390522,0.9943529,-0.1005617,0.8769895,0.01865526,0.4801473,static,43.89743,-2.341704,-0.4787135,-3.078712
3505,05/05/2023 15:40:34.863953,3712,True,True,True,True,Eyes,0.3773724,0.01559054,-2.965142,0.7013614,-0.02981996,0.7121819,0.0,0.0,0.0,0.0,0.0,0.0,0.0,-2.636603,-0.313177,1.097151,0.269392,0.02053781,-2.860158,-0.03424191,0.5151015,-0.03952399,0.8555325,358.9759,62.1557,354.0926,0.1399285,0.004525641,-0.990151,0.0,0.0,0.0,0.8086562,0.005957425,-2.542094,-0.00445345,-0.02534559,0.6481812,0.4662167,-0.1029042,-0.8786653,0.032352,0.9945307,-0.09930786,0.8840787,0.0178724,0.466996,static,44.56142,-2.397647,-0.3936552,-2.239275
3506,05/05/2023 15:40:34.874277,3713,True,True,True,True,Eyes,0.3731294,0.01568066,-2.960408,0.709368,-0.03036172,0.7041842,0.0,0.0,0.0,0.0,0.0,0.0,0.0,-2.646551,-0.3070636,1.058531,0.2655251,0.01966983,-2.85449,-0.03293509,0.5215462,-0.0397948,0.8516579,359.1641,63.00852,354.1371,0.1385621,0.004594679,-0.9903428,0.0,0.0,0.0,0.8086562,0.005957425,-2.542094,-0.003614157,-0.02456014,0.6460777,0.4528117,-0.1021375,-0.8857368,0.03342875,0.9946634,-0.09760851,0.8909793,0.01458921,0.4538096,static,45.21012,-2.468845,-0.3205092,-2.177006
3507,05/05/2023 15:40:34.893565,3714,True,True,True,True,Eyes,0.3688894,0.01571788,-2.955634,0.7173506,-0.03097375,0.6960235,0.0,0.0,0.0,0.0,0.0,0.0,0.0,-2.655592,-0.3025338,1.019316,0.2616206,0.01866422,-2.848492,-0.0320348,0.5280019,-0.04001435,0.847695,359.3092,63.87011,354.1643,0.1372121,0.004660754,-0.9905304,0.0,0.0,0.0,0.8086562,0.005957425,-2.542094,-0.002897233,-0.02004198,0.6451386,0.4392258,-0.1016688,-0.8926054,0.03401107,0.9947453,-0.09656678,0.8977327,0.01205617,0.4403756,static,45.8645,-2.548039,-0.2573061,-1.779387
3508,05/05/2023 15:40:34.913797,3715,True,True,True,True,Eyes,0.3646652,0.01571197,-2.950839,0.725191,-0.03166192,0.6878194,0.0,0.0,0.0,0.0,0.0,0.0,0.0,-2.66293,-0.2976311,0.9834745,0.257421,0.01748268,-2.84261,-0.03118786,0.5339352,-0.04010383,0.8439978,359.4374,64.66553,354.203,0.1358769,0.004722399,-0.9907143,0.0,0.0,0.0,0.8086562,0.005957425,-2.542094,-0.002674967,-0.0106475,0.6442497,0.4266097,-0.1009997,-0.8987787,0.03439049,0.994838,-0.09547067,0.9037818,0.009819267,0.427881,static,46.51502,-2.635597,-0.2378945,-0.9468396
3509,05/05/2023 15:40:34.923909,3716,True,True,True,True,Eyes,0.3604319,0.01568369,-2.945987,0.7329917,-0.03242241,0.6794645,0.0,0.0,0.0,0.0,0.0,0.0,0.0,-2.66945,-0.293563,0.9475101,0.2532195,0.01656826,-2.836463,-0.03005147,0.5398616,-0.04072496,0.8402308,359.6259,65.46169,354.2098,0.1345548,0.004778626,-0.9908944,0.0,0.0,0.0,0.8086562,0.005957425,-2.542094,-0.001553893,-0.008089293,0.6431669,0.4137821,-0.100884,-0.9047689,0.03598947,0.9948767,-0.09447201,0.9096643,0.006528666,0.4152929,static,47.17027,-2.731944,-0.1384265,-0.7205873
3510,05/05/2023 15:40:34.943811,3717,True,True,True,True,Eyes,0.3562082,0.01562516,-2.941119,0.7406156,-0.03312599,0.6711119,0.0,0.0,0.0,0.0,0.0,0.0,0.0,-2.674846,-0.2891443,0.9127414,0.2487632,0.01602225,-2.830082,-0.02911729,0.5455829,-0.04087421,0.836553,359.7642,66.23499,354.2516,0.1332444,0.004829229,-0.9910712,0.0,0.0,0.0,0.8086562,0.005957425,-2.542094,-0.0005497336,-0.00828157,0.6418086,0.4013374,-0.1001587,-0.9104375,0.0366151,0.994963,-0.09331683,0.9151981,0.004115772,0.4029831,static,47.81857,-2.825818,-0.04907602,-0.7392744
3511,05/05/2023 15:40:34.964116,3718,True,True,True,True,Eyes,0.3519661,0.01551084,-2.93619,0.7481453,-0.03378589,0.6626742,0.0,0.0,0.0,0.0,0.0,0.0,0.0,-2.678993,-0.2814263,0.8809116,0.2442417,0.01536257,-2.823529,-0.02869864,0.5507935,-0.03946846,0.8332137,359.751,66.94531,354.4113,0.1319446,0.004873734,-0.9912449,0.0,0.0,0.0,0.8086562,0.005957425,-2.542094,7.992983e-05,-0.009659849,0.6401653,0.3901376,-0.09738537,-0.915592,0.03415728,0.9952373,-0.09130213,0.9201227,0.004346252,0.3916059,static,48.46688,-2.91865,0.007153843,-0.8645057
3512,05/05/2023 15:40:34.973802,3719,True,True,True,True,Eyes,0.3477079,0.01534875,-2.931218,0.7555687,-0.03441051,0.654165,0.0,0.0,0.0,0.0,0.0,0.0,0.0,-2.682196,-0.2671967,0.8529383,0.2395642,0.01387845,-2.817,-0.0278218,0.5554424,-0.03703819,0.8302639,359.7104,67.57806,354.6977,0.1306531,0.004910898,-0.9914157,0.0,0.0,0.0,0.8086562,0.005957425,-2.542094,0.000746429,-0.01350991,0.6385649,0.380224,-0.09240974,-0.9202664,0.03059614,0.9957082,-0.08734401,0.9243882,0.005053702,0.3814196,static,49.11427,-3.011108,0.06697393,-1.212008
3513,05/05/2023 15:40:34.993739,3720,True,True,True,True,Eyes,0.3434351,0.01516208,-2.926195,0.7628566,-0.03510699,0.6456139,0.0,0.0,0.0,0.0,0.0,0.0,0.0,-2.684481,-0.2499543,0.828052,0.2347985,0.01259883,-2.810569,-0.02579619,0.5596848,-0.03513299,0.8275586,359.807,68.15005,355.0075,0.1293683,0.004939821,-0.9915841,0.0,0.0,0.0,0.8086562,0.005957425,-2.542094,0.001156062,-0.01362911,0.6373779,0.3710375,-0.08702468,-0.9245312,0.02927375,0.9962005,-0.08202251,0.9281563,0.00336892,0.3721752,static,49.7584,-3.112546,0.1039217,-1.224975
3514,05/05/2023 15:40:35.014333,3721,True,True,True,True,Eyes,0.3391344,0.0150333,-2.921084,0.7700521,-0.03597459,0.6369659,0.0,0.0,0.0,0.0,0.0,0.0,0.0,-2.686064,-0.2351242,0.8040743,0.2301894,0.01181866,-2.804217,-0.0237897,0.5637575,-0.03373041,0.8249084,359.9303,68.70172,355.2693,0.1280892,0.004960482,-0.99175,0.0,0.0,0.0,0.8086562,0.005957425,-2.542094,0.0008926392,-0.01196553,0.6362866,0.3620795,-0.08247224,-0.9284917,0.02882575,0.9965926,-0.07728019,0.9317014,0.001217101,0.3632231,static,50.40338,-3.232519,0.08037954,-1.077335
3515,05/05/2023 15:40:35.024503,3722,True,True,True,True,Eyes,0.334843,0.01491299,-2.915916,0.7771659,-0.03661787,0.6282295,0.0,0.0,0.0,0.0,0.0,0.0,0.0,-2.686078,-0.2321156,0.7806733,0.2255822,0.01306327,-2.797729,-0.02173865,0.5677324,-0.03513797,0.8221757,0.2378893,69.24223,355.2698,0.1268134,0.004975679,-0.9919139,0.0,0.0,0.0,0.8086562,0.005957425,-2.542094,-0.0001077056,-0.01205025,0.6351526,0.3528906,-0.08246262,-0.9320237,0.03309568,0.9965855,-0.0756439,0.9350791,-0.004151942,0.3544148,static,51.04933,-3.335848,-0.009715894,-1.086897
3516,05/05/2023 15:40:35.044016,3723,True,True,True,True,Eyes,0.3305368,0.01472641,-2.910688,0.7841937,-0.0370927,0.6194064,0.0,0.0,0.0,0.0,0.0,0.0,0.0,-2.686772,-0.2391083,0.7506715,0.2215191,0.01310719,-2.79109,-0.02421346,0.5724223,-0.03414778,0.8188898,359.9678,69.91017,355.2018,0.1255411,0.004986237,-0.9920756,0.0,0.0,0.0,0.8086562,0.005957425,-2.542094,-0.0009527206,-0.01326063,0.6340463,0.3423334,-0.08364718,-0.9358478,0.02820588,0.9964952,-0.07875022,0.9391551,0.0005624109,0.343493,static,51.69606,-3.427023,-0.08609281,-1.198126
3517,05/05/2023 15:40:35.064044,3724,True,True,True,True,Eyes,0.326189,0.01453333,-2.905414,0.791052,-0.03790357,0.6105734,0.0,0.0,0.0,0.0,0.0,0.0,0.0,-2.686535,-0.2425394,0.7228065,0.2168198,0.011353,-2.78417,-0.02492617,0.576937,-0.03484075,0.8156645,359.9736,70.54631,355.0896,0.1242718,0.004990353,-0.9922354,0.0,0.0,0.0,0.8086562,0.005957425,-2.542094,-0.002011001,-0.01529147,0.6329566,0.3318597,-0.08559838,-0.9394372,0.02807506,0.9963296,-0.08086462,0.9429109,0.0004609548,0.3330448,static,52.33725,-3.552286,-0.182037,-1.383928
3518,05/05/2023 15:40:35.073590,3725,True,True,True,True,Eyes,0.3218569,0.01439663,-2.900123,0.7977959,-0.0386473,0.6016876,0.0,0.0,0.0,0.0,0.0,0.0,0.0,-2.684905,-0.2447235,0.7012887,0.2114929,0.01110463,-2.777689,-0.02235861,0.5807516,-0.03870758,0.8128527,0.4933494,71.06669,354.8997,0.1230022,0.004988441,-0.9923936,0.0,0.0,0.0,0.8086562,0.005957425,-2.542094,-0.003047854,-0.01493192,0.6322562,0.3224586,-0.08889671,-0.9424001,0.03695752,0.9960036,-0.08130749,0.9458619,-0.00861046,0.3244554,static,52.97686,-3.675145,-0.2761979,-1.352896
3519,05/05/2023 15:40:35.093698,3726,True,True,True,True,Eyes,0.3175332,0.01427856,-2.894773,0.8044758,-0.03906746,0.5926993,0.0,0.0,0.0,0.0,0.0,0.0,0.0,-2.682297,-0.2597684,0.6764715,0.2071486,0.01250994,-2.770694,-0.02225389,0.5847952,-0.04274325,0.8097484,0.7994164,71.63499,354.5337,0.1217334,0.004983013,-0.9925501,0.0,0.0,0.0,0.8086562,0.005957425,-2.542094,-0.005202949,-0.01596541,0.6311084,0.3123753,-0.09525048,-0.9451714,0.04319462,0.9953555,-0.08603219,0.9489762,-0.013952,0.3150388,static,53.61899,-3.771166,-0.472344,-1.449126
3520,05/05/2023 15:40:35.113823,3727,True,True,True,True,Eyes,0.3132084,0.01413826,-2.889406,0.8111927,-0.03933275,0.5834547,0.0,0.0,0.0,0.0,0.0,0.0,0.0,-2.680998,-0.2759322,0.6449634,0.2030483,0.01279473,-2.763779,-0.02659686,0.5895971,-0.0421176,0.80616,0.3885934,72.34152,354.3027,0.1204644,0.004975053,-0.9927049,0.0,0.0,0.0,0.8086562,0.005957425,-2.542094,-0.00753811,-0.01809897,0.6302086,0.3012027,-0.0992699,-0.9483787,0.03654417,0.9950374,-0.09254747,0.9528596,-0.006782181,0.3033358,static,54.27422,-3.856678,-0.685299,-1.645027
3521,05/05/2023 15:40:35.124862,3728,True,True,True,True,Eyes,0.308871,0.01401438,-2.883988,0.8177751,-0.03974478,0.574164,0.0,0.0,0.0,0.0,0.0,0.0,0.0,-2.67949,-0.278681,0.6172343,0.1982902,0.0122542,-2.756599,-0.02697664,0.5940894,-0.04269814,0.8028117,0.4250638,72.98225,354.2255,0.1191953,0.004964041,-0.9928582,0.0,0.0,0.0,0.8086562,0.005957425,-2.542094,-0.009514987,-0.01897475,0.6296047,0.2904691,-0.1006102,-0.9515803,0.03650406,0.9948983,-0.09404736,0.9561877,-0.007418699,0.2926599,static,54.92712,-3.959811,-0.8658245,-1.726233
3522,05/05/2023 15:40:35.144121,3729,True,True,True,True,Eyes,0.3045452,0.01392621,-2.878523,0.8244361,-0.03976735,0.5645561,0.0,0.0,0.0,0.0,0.0,0.0,0.0,-2.678181,-0.2764563,0.5916221,0.1936996,0.012561,-2.749804,-0.02559828,0.5983422,-0.04369475,0.7996388,0.6503252,73.57972,354.2309,0.1179255,0.004950841,-0.9930099,0.0,0.0,0.0,0.8086562,0.005957425,-2.542094,-0.01126328,-0.02104706,0.6288917,0.2801547,-0.1005131,-0.9546782,0.03924697,0.994871,-0.0932276,0.9591522,-0.01135007,0.2826627,static,55.5975,-4.029261,-1.026042,-1.916797
3523,05/05/2023 15:40:35.163928,3730,True,True,True,True,Eyes,0.3002341,0.01386485,-2.873002,0.8309855,-0.03967192,0.5548776,0.0,0.0,0.0,0.0,0.0,0.0,0.0,-2.676328,-0.2777786,0.5643942,0.1895775,0.01330556,-2.742684,-0.02693173,0.6026192,-0.04242047,0.7964454,0.4714054,74.20128,354.2589,0.116655,0.004936901,-0.9931599,0.0,0.0,0.0,0.8086562,0.005957425,-2.542094,-0.01268673,-0.023152,0.6282462,0.2701013,-0.1000303,-0.9576216,0.03511203,0.9949504,-0.09402607,0.9621914,-0.008227474,0.2722496,static,56.2676,-4.089501,-1.156867,-2.110497
3524,05/05/2023 15:40:35.173744,3731,True,True,True,True,Eyes,0.2959206,0.01381173,-2.867371,0.8375853,-0.0393821,0.5448853,0.0,0.0,0.0,0.0,0.0,0.0,0.0,-2.674877,-0.2778645,0.5353038,0.1856682,0.0138536,-2.735701,-0.02810723,0.6071494,-0.04105136,0.7930286,0.3018894,74.86093,354.3045,0.1153844,0.004923225,-0.9933084,0.0,0.0,0.0,0.8086562,0.005957425,-2.542094,-0.01383173,-0.02492344,0.6276214,0.2593687,-0.09924039,-0.9606661,0.03097923,0.9950495,-0.09442831,0.9652815,-0.005268947,0.261159,static,56.95427,-4.133919,-1.2625,-2.274076
3827,05/05/2023 15:40:40.224063,4034,True,True,True,True,Eyes,1.799254,0.007954873,-1.969106,-0.2234835,-0.03052954,-0.9742295,0.5559406,1.67501,-0.009017738,-2.51072,-0.06009892,-0.3857276,0.9206532,0.03714307,-0.02081177,0.5718465,1.957723,-0.001468023,-2.011884,-0.04710206,0.9730042,0.02612346,-0.2244146,358.2983,206.0635,354.0632,0.6624013,0.004081697,-0.7491377,0.0,0.0,0.0,1.675912,-0.003231972,-2.524529,0.01665318,-0.008840063,0.5939127,-0.894839,-0.103386,0.4342517,-0.07993604,0.9941979,0.07197725,-0.4391735,0.02969569,-0.8979113,static,12.91985,1.794897,1.60614,-0.8527531
3828,05/05/2023 15:40:40.243998,4035,True,True,True,True,Eyes,1.805652,0.007636672,-1.971414,-0.2356119,-0.02987793,-0.9713879,0.5551729,1.674847,-0.008950744,-2.510703,-0.07099202,-0.3812458,0.9217439,0.03145927,-0.02084104,0.5710575,1.961927,-0.0003715092,-2.015686,-0.0487777,0.9706503,0.02573887,-0.2340866,358.4453,207.2009,353.8702,0.6636235,0.003971841,-0.7480558,0.0,0.0,0.0,1.675912,-0.003231972,-2.524529,0.01685566,-0.009270669,0.5941538,-0.8856484,-0.1067424,0.4519214,-0.08264191,0.9939165,0.07280329,-0.4569433,0.02713047,-0.889082,static,13.6339,1.761747,1.624998,-0.8939219
3829,05/05/2023 15:40:40.264050,4036,True,True,True,True,Eyes,1.81198,0.007358959,-1.973781,-0.248002,-0.02932566,-0.9683156,0.5545038,1.674462,-0.008902235,-2.510715,-0.09659339,-0.3779633,0.920768,0.02602899,-0.02444341,0.5698987,1.965967,0.001020111,-2.019812,-0.05135794,0.968012,0.02862403,-0.2439178,358.2601,208.3848,353.486,0.6648107,0.003860376,-0.7470015,0.0,0.0,0.0,1.675912,-0.003231972,-2.524529,0.01694489,-0.01082747,0.5936603,-0.8757329,-0.113394,0.4692905,-0.08546637,0.993086,0.08047102,-0.4751708,0.03036257,-0.8793695,static,14.36562,1.734686,1.634953,-1.044873
3830,05/05/2023 15:40:40.274227,4037,True,True,True,True,Eyes,1.818277,0.007019619,-1.976218,-0.2605603,-0.02865993,-0.9650321,0.5539109,1.67395,-0.008855429,-2.51076,-0.1307647,-0.3748518,0.9178162,0.02083288,-0.02475986,0.5695482,1.970753,0.001749716,-2.0237,-0.0554171,0.9651765,0.02958929,-0.2539449,358.3398,209.5834,352.9893,0.6659632,0.003749042,-0.7459748,0.0,0.0,0.0,1.675912,-0.003231972,-2.524529,0.01777911,-0.01250328,0.5939644,-0.864882,-0.1220026,0.4869238,-0.09194645,0.9921068,0.08526354,-0.4934828,0.02897199,-0.869273,static,15.10967,1.701095,1.71452,-1.20593
3831,05/05/2023 15:40:40.293957,4038,True,True,True,True,Eyes,1.824521,0.00670946,-1.97867,-0.2732147,-0.02853106,-0.9615299,0.5535982,1.67327,-0.009085281,-2.510971,-0.1760743,-0.3901726,0.9037495,0.01585855,-0.02539397,0.5694925,1.97573,-0.0001843385,-2.02759,-0.05635608,0.9623922,0.03211393,-0.2638068,358.1617,210.7741,352.7914,0.6670823,0.003635569,-0.7449749,0.0,0.0,0.0,1.675912,-0.003231972,-2.524529,0.01915836,-0.007996049,0.5947301,-0.8544601,-0.125417,0.5041515,-0.09152956,0.9915853,0.09154662,-0.5113907,0.03207817,-0.8587494,static,15.86228,1.699614,1.845062,-0.7702859
3832,05/05/2023 15:40:40.314302,4039,True,True,True,True,Eyes,1.830657,0.006485087,-1.981183,-0.2856674,-0.0283754,-0.9579086,0.553285,1.672602,-0.0092146,-2.511179,-0.2206624,-0.3988813,0.8900573,0.01171175,-0.01922171,0.5706565,1.980838,0.0003220509,-2.030498,-0.05672846,0.9601664,0.02610904,-0.2723618,358.8977,211.7413,352.9242,0.6681688,0.003521373,-0.744001,0.0,0.0,0.0,1.675912,-0.003231972,-2.524529,0.02009977,-0.009201013,0.5944682,-0.8452022,-0.1231597,0.520063,-0.0947153,0.9922004,0.08103936,-0.5259874,0.01923671,-0.850275,static,16.60563,1.696733,1.93651,-0.8867372
3833,05/05/2023 15:40:40.324084,4040,True,True,True,True,Eyes,1.836694,0.0061799,-1.983703,-0.2982734,-0.02789203,-0.9540728,0.5531499,1.671704,-0.009248573,-2.511448,-0.2805035,-0.40109,0.8720347,0.007189691,-0.0218213,0.5699198,1.984409,0.002133764,-2.03456,-0.0544479,0.957732,0.02618947,-0.2812455,358.8805,212.7975,353.1629,0.6692231,0.003409707,-0.7430534,0.0,0.0,0.0,1.675912,-0.003231972,-2.524529,0.02087083,-0.01130253,0.5944663,-0.8358729,-0.1190243,0.5358638,-0.08956166,0.9926991,0.08079144,-0.5415676,0.01953852,-0.8404303,static,17.3609,1.674548,2.010745,-1.089228
3834,05/05/2023 15:40:40.344235,4041,True,True,True,True,Eyes,1.842647,0.005853858,-1.9862,-0.3103302,-0.02812731,-0.9502127,0.5532914,1.670944,-0.00970874,-2.511944,-0.3311575,-0.4317873,0.8389843,0.002103925,-0.02517433,0.5703771,1.988187,-0.0002022674,-2.037355,-0.04849491,0.9554297,0.02914567,-0.2897462,358.419,213.8281,353.7078,0.6702456,0.003297387,-0.7421318,0.0,0.0,0.0,1.675912,-0.003231972,-2.524529,0.02187225,-0.0102335,0.5945712,-0.8273907,-0.1095567,0.5508375,-0.07577726,0.9935976,0.0837957,-0.5564911,0.02759083,-0.8303953,static,18.08653,1.695521,2.106767,-0.9860525
3835,05/05/2023 15:40:40.363906,4042,True,True,True,True,Eyes,1.848507,0.005625441,-1.988705,-0.3224289,-0.02876982,-0.9461564,0.5538483,1.66993,-0.01030868,-2.512733,-0.3987571,-0.4717638,0.7864043,-0.00252068,-0.01462208,0.5725088,1.992506,-0.0008304706,-2.039613,-0.04850914,0.9532872,0.01953772,-0.2975048,359.5195,214.6896,354.0238,0.6712376,0.003183783,-0.7412351,0.0,0.0,0.0,1.675912,-0.003231972,-2.524529,0.02382018,-0.01000309,0.5946391,-0.8182759,-0.1041114,0.5653194,-0.08086113,0.9945303,0.06611349,-0.5691104,0.008386712,-0.8222187,static,18.81796,1.741659,2.29394,-0.9637452
3836,05/05/2023 15:40:40.374202,4043,True,True,True,True,Eyes,1.854134,0.005439769,-1.991118,-0.3328032,-0.02882951,-0.9425555,0.5535529,1.66991,-0.01051889,-2.512872,-0.4001276,-0.4857916,0.777113,-0.007129371,-0.01159966,0.5724815,1.996202,0.001383264,-2.042435,-0.05057889,0.9508463,0.01520282,-0.3051265,0.1120029,215.5769,353.9461,0.6722003,0.003072657,-0.7403627,0.0,0.0,0.0,1.675912,-0.003231972,-2.524529,0.0264394,-0.01076309,0.5945793,-0.8086795,-0.1054631,0.5787189,-0.08690792,0.9944212,0.05977702,-0.5817947,-0.001954821,-0.8133336,static,19.44742,1.751933,2.546118,-1.037057
3837,05/05/2023 15:40:40.393687,4044,True,True,True,True,Eyes,1.859701,0.005268837,-1.993556,-0.3432902,-0.02883884,-0.9387865,0.5533979,1.669725,-0.01069051,-2.513078,-0.4124117,-0.4972113,0.7633463,-0.01096061,-0.01633318,0.5724269,2.000151,0.002603151,-2.045424,-0.05097241,0.9482999,0.01842771,-0.3127135,359.8241,216.5108,353.7885,0.673133,0.002965391,-0.7395152,0.0,0.0,0.0,1.675912,-0.003231972,-2.524529,0.02976608,-0.01100961,0.5945103,-0.7992245,-0.1081994,0.5912137,-0.08514907,0.9941245,0.0668295,-0.5949709,0.003070461,-0.8037416,static,20.08617,1.759531,2.866305,-1.060927
3838,05/05/2023 15:40:40.414421,4045,True,True,True,True,Eyes,1.865281,0.005130787,-1.996089,-0.3537286,-0.02864836,-0.9349092,0.5530442,1.669653,-0.01071302,-2.513135,-0.4172724,-0.498775,0.7596757,-0.01423365,-0.01760448,0.5722201,2.004335,0.002789252,-2.048641,-0.05166267,0.9458423,0.01971159,-0.3198825,359.7573,217.3844,353.665,0.6740369,0.002862177,-0.7386918,0.0,0.0,0.0,1.675912,-0.003231972,-2.524529,0.03307873,-0.01200156,0.5942287,-0.7900124,-0.1103403,0.60308,-0.0851187,0.9938849,0.07034007,-0.6071535,0.004236141,-0.7945734,static,20.72444,1.755162,3.186177,-1.157039
3839,05/05/2023 15:40:40.424416,4046,True,True,True,True,Eyes,1.870785,0.004990818,-1.998655,-0.3641346,-0.02822419,-0.9309186,0.5526444,1.669549,-0.01060712,-2.513122,-0.4242089,-0.4916846,0.7604558,-0.01571494,-0.02034946,0.5716842,2.008338,0.003090179,-2.052125,-0.05088539,0.9438507,0.02199944,-0.3256878,359.5197,218.1019,353.6622,0.6749134,0.002763789,-0.7378914,0.0,0.0,0.0,1.675912,-0.003231972,-2.524529,0.03607535,-0.01153381,0.593974,-0.7826763,-0.1103863,0.6125624,-0.08172653,0.9938534,0.07467388,-0.6170402,0.008382886,-0.7868869,static,21.36326,1.736599,3.475623,-1.112432
3840,05/05/2023 15:40:40.444001,4047,True,True,True,True,Eyes,1.876276,0.004853056,-2.00129,-0.3744477,-0.02780403,-0.9268311,0.5521874,1.669511,-0.01049998,-2.513074,-0.4267198,-0.4845318,0.7636356,-0.01666918,-0.02356285,0.5709668,2.012119,0.002850369,-2.055606,-0.05004165,0.9420076,0.02521382,-0.3308805,359.1756,218.7536,353.6284,0.675763,0.002669702,-0.7371139,0.0,0.0,0.0,1.675912,-0.003231972,-2.524529,0.03844315,-0.00994102,0.5938304,-0.776028,-0.1109647,0.6208603,-0.0775937,0.9937202,0.08061881,-0.6259073,0.0143876,-0.7797648,static,21.99913,1.718302,3.704022,-0.9590706
3841,05/05/2023 15:40:40.464019,4048,True,True,True,True,Eyes,1.881695,0.004744459,-2.003958,-0.3848088,-0.02755028,-0.9225851,0.5519366,1.669305,-0.01046155,-2.513167,-0.4404359,-0.4819516,0.7574556,-0.01889902,-0.0226773,0.570796,2.015904,0.002571245,-2.058877,-0.05084453,0.9398406,0.02509651,-0.3368752,359.2599,219.481,353.5411,0.6765855,0.002579683,-0.7363592,0.0,0.0,0.0,1.675912,-0.003231972,-2.524529,0.04055186,-0.01012253,0.5935844,-0.7678603,-0.1124803,0.6306658,-0.07866271,0.99357,0.08142994,-0.6357698,0.01291691,-0.7717709,static,22.64094,1.710461,3.908198,-0.9769829
3842,05/05/2023 15:40:40.474138,4049,True,True,True,True,Eyes,1.887041,0.004706777,-2.006652,-0.3948498,-0.02732383,-0.9183393,0.5515046,1.66928,-0.01036244,-2.51312,-0.4421501,-0.4753762,0.7606056,-0.02169505,-0.02137895,0.5701918,2.019675,0.003199911,-2.06247,-0.0517607,0.9374363,0.02384435,-0.343461,359.4758,220.2738,353.487,0.6773819,0.002494359,-0.7356269,0.0,0.0,0.0,1.675912,-0.003231972,-2.524529,0.04239951,-0.009595744,0.5932946,-0.7587107,-0.1134239,0.6414773,-0.08066551,0.9935045,0.08026069,-0.6464142,0.009149551,-0.7629321,static,23.2658,1.704249,4.087666,-0.9266016
3843,05/05/2023 15:40:40.494088,4050,True,True,True,True,Eyes,1.892336,0.004700648,-2.009405,-0.4048897,-0.02697649,-0.9139675,0.5510283,1.66923,-0.01016416,-2.513027,-0.445454,-0.462155,0.7668008,-0.02354872,-0.02203348,0.5696549,2.023861,0.004958283,-2.066312,-0.05203913,0.935075,0.02331,-0.3498337,359.5884,221.0475,353.4752,0.6781533,0.0024158,-0.7349162,0.0,0.0,0.0,1.675912,-0.003231972,-2.524529,0.04423536,-0.008149814,0.5930704,-0.749817,-0.1136302,0.6518153,-0.08101171,0.9934971,0.08000327,-0.6566674,0.00718312,-0.7541463,static,23.89346,1.690641,4.265624,-0.7872937
3844,05/05/2023 15:40:40.513927,4051,True,True,True,True,Eyes,1.897625,0.004693839,-2.012238,-0.4147094,-0.02657887,-0.9095656,0.5503234,1.669401,-0.009933138,-2.512793,-0.4340089,-0.4467278,0.7823493,-0.02425903,-0.0244469,0.5684863,2.027982,0.005669424,-2.070595,-0.04999668,0.9330451,0.02470317,-0.3554113,359.395,221.7389,353.6349,0.6788992,0.00234453,-0.7342274,0.0,0.0,0.0,1.675912,-0.003231972,-2.524529,0.04611079,-0.008937677,0.5924482,-0.7423666,-0.1108579,0.6607593,-0.07573874,0.9937802,0.08163711,-0.6656996,0.01055957,-0.7461455,static,24.51025,1.673792,4.450412,-0.864299
3845,05/05/2023 15:40:40.524123,4052,True,True,True,True,Eyes,1.902838,0.004713748,-2.015091,-0.4243717,-0.02639387,-0.9051033,0.5497035,1.66956,-0.009795058,-2.512629,-0.4234272,-0.4375182,0.7932764,-0.02406996,-0.02506941,0.567866,2.032063,0.005459725,-2.074408,-0.04616956,0.9315652,0.02461842,-0.3597898,359.2755,222.2729,354.0453,0.6796198,0.002279859,-0.7335607,0.0,0.0,0.0,1.675912,-0.003231972,-2.524529,0.04798296,-0.01142707,0.5916401,-0.7368394,-0.1037348,0.6680622,-0.06830498,0.9945246,0.07909001,-0.6726086,0.01264465,-0.7398905,static,25.12026,1.670339,4.636632,-1.106486
3846,05/05/2023 15:40:40.544023,4053,True,True,True,True,Eyes,1.907945,0.00476998,-2.017948,-0.4336591,-0.02623408,-0.900695,0.5489346,1.669894,-0.009630816,-2.512371,-0.4011916,-0.4266113,0.8105851,-0.02399373,-0.02276938,0.5671488,2.035474,0.006153487,-2.077798,-0.04383532,0.9303184,0.02143501,-0.3634923,359.5408,222.7053,354.425,0.6803166,0.002222004,-0.7329147,0.0,0.0,0.0,1.675912,-0.003231972,-2.524529,0.04890072,-0.01240994,0.590933,-0.7319036,-0.09714454,0.6744478,-0.06597869,0.995238,0.07175036,-0.6782063,0.008015165,-0.7348277,static,25.7095,1.668353,4.730546,-1.203069
3847,05/05/2023 15:40:40.563882,4054,True,True,True,True,Eyes,1.912977,0.004827352,-2.020837,-0.4430162,-0.02604461,-0.8961352,0.5483068,1.670068,-0.009453088,-2.512194,-0.3895775,-0.4147425,0.8223248,-0.02570418,-0.02389372,0.5661345,2.038492,0.007128974,-2.081232,-0.04171341,0.9283866,0.02114543,-0.3686618,359.5126,223.3387,354.6611,0.6809896,0.002171584,-0.7322895,0.0,0.0,0.0,1.675912,-0.003231972,-2.524529,0.04877016,-0.01270534,0.589904,-0.7246972,-0.09304336,0.6827571,-0.0618613,0.9956257,0.07001854,-0.6862853,0.008505984,-0.727283,static,26.3061,1.664734,4.726166,-1.233845
3848,05/05/2023 15:40:40.574066,4055,True,True,True,True,Eyes,1.917956,0.004891029,-2.02375,-0.4521236,-0.02608554,-0.8915738,0.5476704,1.670342,-0.00939525,-2.512039,-0.3713081,-0.4108708,0.8326557,-0.02844065,-0.02467873,0.5650091,2.041822,0.007197232,-2.084979,-0.04002009,0.9259423,0.02138551,-0.3749294,359.4503,224.1125,354.8276,0.6816386,0.002127934,-0.7316855,0.0,0.0,0.0,1.675912,-0.003231972,-2.524529,0.0475619,-0.01461176,0.588906,-0.7156529,-0.0901487,0.6926143,-0.05807647,0.9958822,0.06961291,-0.6960377,0.009594079,-0.7179415,static,26.8899,1.675874,4.617365,-1.421314
3849,05/05/2023 15:40:40.593814,4056,True,True,True,True,Eyes,1.922895,0.004993923,-2.026701,-0.4611678,-0.02620726,-0.8869258,0.5470517,1.670612,-0.009342799,-2.511896,-0.3532752,-0.4073639,0.8421705,-0.03017572,-0.02216855,0.5645205,2.045867,0.00749206,-2.088828,-0.03981037,0.9236291,0.01889865,-0.3807459,359.7367,224.8173,354.9554,0.6822648,0.002090573,-0.7311018,0.0,0.0,0.0,1.675912,-0.003231972,-2.524529,0.0461048,-0.01428785,0.5880956,-0.7068955,-0.08793119,0.701831,-0.05914886,0.996116,0.06522594,-0.7048405,0.004595414,-0.7093508,static,27.47272,1.692508,4.482636,-1.391734
3850,05/05/2023 15:40:40.613813,4057,True,True,True,True,Eyes,1.927765,0.005106187,-2.029681,-0.4698914,-0.02619801,-0.8823354,0.5462298,1.671096,-0.00920395,-2.511639,-0.3210436,-0.3981284,0.8593164,-0.03025043,-0.02193554,0.5637572,2.049863,0.008546613,-2.092785,-0.03889381,0.9218098,0.01772103,-0.3852791,359.8452,225.3725,355.1032,0.682869,0.002060262,-0.7305375,0.0,0.0,0.0,1.675912,-0.003231972,-2.524529,0.04429796,-0.01350644,0.5871397,-0.7000946,-0.08536047,0.7089298,-0.05805029,0.9963465,0.06264079,-0.7116867,0.002700895,-0.7024921,static,28.03772,1.700708,4.314624,-1.317788
3851,05/05/2023 15:40:40.633689,4058,True,True,True,True,Eyes,1.932566,0.005218444,-2.032686,-0.4785655,-0.02617814,-0.8776615,0.5454658,1.671525,-0.009060833,-2.511421,-0.2924006,-0.3885541,0.8738006,-0.0302715,-0.02413479,0.5626479,2.053287,0.008861221,-2.096682,-0.03625721,0.9201362,0.01888774,-0.3894586,359.6266,225.8974,355.3288,0.6834504,0.002036669,-0.7299938,0.0,0.0,0.0,1.675912,-0.003231972,-2.524529,0.04112518,-0.01411169,0.585997,-0.6940148,-0.08143514,0.7153403,-0.05201116,0.9966574,0.06299996,-0.7180794,0.006517228,-0.6959304,static,28.60246,1.708463,4.014427,-1.379502
3852,05/05/2023 15:40:40.644184,4059,True,True,True,True,Eyes,1.9373,0.00534162,-2.035723,-0.4870161,-0.02617326,-0.8730008,0.5446371,1.672053,-0.008913307,-2.511192,-0.2571785,-0.3787154,0.8890635,-0.03105932,-0.02432772,0.5615401,2.0565,0.00895659,-2.100382,-0.03414356,0.9183306,0.01850808,-0.3939045,359.5935,226.4481,355.567,0.6840103,0.002019067,-0.7294692,0.0,0.0,0.0,1.675912,-0.003231972,-2.524529,0.03599581,-0.01652671,0.5848091,-0.6873472,-0.07729097,0.7222053,-0.04812931,0.9969833,0.06089167,-0.7247329,0.007094472,-0.6889938,static,29.15559,1.717259,3.522191,-1.618748
3853,05/05/2023 15:40:40.663859,4060,True,True,True,True,Eyes,1.941981,0.005463478,-2.038793,-0.4954363,-0.02613637,-0.868251,0.543856,1.672535,-0.008750946,-2.510997,-0.2251061,-0.3679434,0.9021889,-0.03197834,-0.02497129,0.5603344,2.059656,0.009329682,-2.104264,-0.03253486,0.9163713,0.01847742,-0.3985773,359.5457,227.0303,355.7356,0.6845484,0.002007247,-0.7289641,0.0,0.0,0.0,1.675912,-0.003231972,-2.524529,0.02974145,-0.01612559,0.5840219,-0.6801555,-0.07435738,0.7292872,-0.04489866,0.9972001,0.05979966,-0.7316918,0.007929048,-0.6815896,static,29.70969,1.724215,2.915282,-1.581608
3854,05/05/2023 15:40:40.674345,4061,True,True,True,True,Eyes,1.946632,0.00558105,-2.041913,-0.503719,-0.02623985,-0.8634689,0.5430735,1.673075,-0.008669117,-2.51084,-0.1890964,-0.362489,0.912603,-0.0325976,-0.02546923,0.5593106,2.063095,0.00940945,-2.108227,-0.03186883,0.9143755,0.01886684,-0.4031698,359.4955,227.6062,355.7852,0.6850653,0.002000569,-0.7284785,0.0,0.0,0.0,1.675912,-0.003231972,-2.524529,0.02365723,-0.01625167,0.5830189,-0.672877,-0.07349324,0.7360945,-0.04306707,0.9972569,0.06019985,-0.7384997,0.00880566,-0.6741964,static,30.25786,1.740619,2.323624,-1.596709
3855,05/05/2023 15:40:40.694230,4062,True,True,True,True,Eyes,1.951243,0.005717441,-2.045076,-0.5118977,-0.02641295,-0.8586403,0.5422904,1.673645,-0.008606048,-2.510708,-0.1510668,-0.3582453,0.9213247,-0.03252414,-0.02411173,0.5585093,2.066809,0.00942722,-2.112375,-0.03242119,0.9125013,0.01801652,-0.407389,359.6296,228.1307,355.7649,0.6855612,0.001998349,-0.7280118,0.0,0.0,0.0,1.675912,-0.003231972,-2.524529,0.01763436,-0.0200478,0.5815296,-0.6659661,-0.0738482,0.7423176,-0.04448929,0.9972485,0.05929625,-0.744654,0.006464118,-0.6674192,static,30.80223,1.761941,1.736911,-1.974448
3856,05/05/2023 15:40:40.714059,4063,True,True,True,True,Eyes,1.955818,0.005879138,-2.048296,-0.5198917,-0.02654657,-0.8538195,0.5414189,1.674339,-0.008493677,-2.51057,-0.1048225,-0.3507729,0.9305754,-0.03169727,-0.02349857,0.5576082,2.070501,0.0100332,-2.116621,-0.03285244,0.910871,0.01734224,-0.4110162,359.7372,228.5828,355.7502,0.6860372,0.002000788,-0.7275631,0.0,0.0,0.0,1.675912,-0.003231972,-2.524529,0.0117456,-0.02053516,0.5807119,-0.6599732,-0.07410453,0.7476258,-0.04559278,0.9972399,0.05859884,-0.7499048,0.004587313,-0.6615303,static,31.33728,1.780841,1.158719,-2.025252
3857,05/05/2023 15:40:40.733904,4064,True,True,True,True,Eyes,1.960343,0.006037749,-2.051563,-0.5278494,-0.02654258,-0.8489231,0.5405436,1.675017,-0.008309672,-2.510443,-0.05961986,-0.3385094,0.9390723,-0.03100929,-0.02548563,0.556428,2.073918,0.01077797,-2.120908,-0.03205165,0.9091977,0.01861444,-0.4147117,359.5838,229.0536,355.7721,0.6864935,0.002008297,-0.7271328,0.0,0.0,0.0,1.675912,-0.003231972,-2.524529,0.006032139,-0.02107287,0.5799725,-0.6539738,-0.07372182,0.7529166,-0.0428433,0.9972524,0.0604328,-0.7553031,0.007264032,-0.6553355,static,31.87282,1.790837,0.5958966,-2.080885
3858,05/05/2023 15:40:40.743865,4065,True,True,True,True,Eyes,1.964822,0.006179548,-2.054868,-0.5356677,-0.02644033,-0.8440148,0.5396441,1.675752,-0.008088822,-2.510336,-0.01062401,-0.323744,0.9460852,-0.03102788,-0.02722261,0.5550408,2.077256,0.01091062,-2.125358,-0.03101145,0.9072438,0.02015854,-0.4189757,359.3932,229.5983,355.8042,0.6869295,0.002020233,-0.7267209,0.0,0.0,0.0,1.675912,-0.003231972,-2.524529,0.001235247,-0.01468103,0.5803816,-0.6469956,-0.07316177,0.7589759,-0.03937801,0.9972638,0.06256351,-0.7614765,0.01059134,-0.6481063,static,32.40191,1.79431,0.1219444,-1.449015
3859,05/05/2023 15:40:40.763982,4066,True,True,True,True,Eyes,1.969276,0.006303477,-2.058217,-0.5434746,-0.02628838,-0.8390139,0.5387937,1.676456,-0.007860535,-2.510272,0.036273,-0.3085842,0.9505051,-0.03144637,-0.02839964,0.5538869,2.080848,0.01061088,-2.129862,-0.03002694,0.9050469,0.02160334,-0.4237002,359.2173,230.202,355.8329,0.6873461,0.002035544,-0.7263269,0.0,0.0,0.0,1.675912,-0.003231972,-2.524529,-0.004053116,-0.01728231,0.5787524,-0.6391531,-0.07265825,0.7656397,-0.03604491,0.9972634,0.06454891,-0.7682344,0.01365923,-0.6400229,static,32.93331,1.794631,-0.401247,-1.710419
3860,05/05/2023 15:40:40.773713,4067,True,True,True,True,Eyes,1.973697,0.006417985,-2.061619,-0.5510325,-0.02599405,-0.8340788,0.5378611,1.677318,-0.007563204,-2.510238,0.09378232,-0.2887621,0.9527966,-0.03170112,-0.02849473,0.5529853,2.08475,0.01020952,-2.134347,-0.02907706,0.9028965,0.02218382,-0.4282993,359.1318,230.7868,355.8988,0.6877447,0.002053282,-0.7259494,0.0,0.0,0.0,1.675912,-0.003231972,-2.524529,-0.009647787,-0.02016999,0.5782419,-0.6314284,-0.07150978,0.7721297,-0.03350453,0.9973248,0.06496675,-0.7747099,0.01515201,-0.6321351,static,33.45067,1.785044,-0.9558737,-1.997758
3861,05/05/2023 15:40:40.793664,4068,True,True,True,True,Eyes,1.978091,0.006514777,-2.065079,-0.5585446,-0.02565134,-0.8290777,0.536956,1.678177,-0.007258863,-2.510257,0.1510277,-0.2684409,0.9513833,-0.03157282,-0.02922771,0.5517933,2.088474,0.01009306,-2.139202,-0.02813847,0.9007885,0.02313954,-0.4327275,359.0067,231.3533,355.9441,0.6881236,0.002072781,-0.7255903,0.0,0.0,0.0,1.675912,-0.003231972,-2.524529,-0.01482084,-0.00884768,0.5788634,-0.6239105,-0.07071984,0.7782895,-0.03066739,0.9973456,0.06604023,-0.7808939,0.01733508,-0.6244232,static,33.96791,1.772144,-1.466644,-0.8756734
3862,05/05/2023 15:40:40.814232,4069,True,True,True,True,Eyes,1.982476,0.006584015,-2.068613,-0.5658132,-0.02535124,-0.8241436,0.5360355,1.679181,-0.007005153,-2.510383,0.2179169,-0.2515296,0.9429979,-0.03103215,-0.02941258,0.5506619,2.092252,0.009748738,-2.144121,-0.02739719,0.8988581,0.02382442,-0.4367335,358.9171,231.866,355.9817,0.6884845,0.002093287,-0.7252477,0.0,0.0,0.0,1.675912,-0.003231972,-2.524529,-0.01949757,-0.00557182,0.5784564,-0.6170268,-0.07006222,0.7838174,-0.02844253,0.9973636,0.06676009,-0.7864282,0.018899,-0.6173928,static,34.47142,1.761903,-1.930493,-0.5518685
3863,05/05/2023 15:40:40.824505,4070,True,True,True,True,Eyes,1.986839,0.006643164,-2.0722,-0.5730365,-0.02507794,-0.819146,0.5351742,1.680165,-0.006777904,-2.510586,0.2835145,-0.236358,0.9293839,-0.03033006,-0.02856236,0.5497516,2.096159,0.009130003,-2.149119,-0.02676046,0.8969654,0.02378261,-0.4406489,358.9067,232.3644,356.0447,0.6888275,0.002113711,-0.7249219,0.0,0.0,0.0,1.675912,-0.003231972,-2.524529,-0.02348191,-0.01021048,0.5779726,-0.6102248,-0.06896596,0.7892207,-0.02704684,0.9974365,0.06624828,-0.7917663,0.01908042,-0.6105258,static,34.97485,1.753547,-2.326537,-1.012084
3864,05/05/2023 15:40:40.844287,4071,True,True,True,True,Eyes,1.99117,0.006704996,-2.075822,-0.5800948,-0.02479626,-0.8141714,0.5343629,1.681188,-0.006545208,-2.510885,0.3518261,-0.2208971,0.909628,-0.02978253,-0.02792018,0.5489192,2.100016,0.008946316,-2.154063,-0.02599376,0.8950617,0.02344726,-0.4445665,358.9193,232.8625,356.1358,0.6891525,0.002133679,-0.724613,0.0,0.0,0.0,1.675912,-0.003231972,-2.524529,-0.02687523,-0.01150339,0.5775056,-0.6033702,-0.06737976,0.7946097,-0.0256843,0.9975491,0.06508538,-0.7970476,0.01886158,-0.6036221,static,35.46976,1.744451,-2.664436,-1.141129
3865,05/05/2023 15:40:40.864043,4072,True,True,True,True,Eyes,1.995483,0.006755842,-2.079506,-0.5871561,-0.02444734,-0.8091044,0.5336021,1.682176,-0.006289312,-2.511246,0.4175707,-0.2038094,0.8854922,-0.02948976,-0.02805609,0.5481768,2.103997,0.009112019,-2.159132,-0.02519911,0.8929443,0.02353286,-0.4488452,358.888,233.4103,356.2077,0.6894609,0.002153413,-0.7243183,0.0,0.0,0.0,1.675912,-0.003231972,-2.524529,-0.02849647,-0.01439144,0.5767957,-0.5958064,-0.06612803,0.8004014,-0.02387758,0.9976224,0.06464806,-0.8027735,0.01940607,-0.5959687,static,35.96788,1.730683,-2.828387,-1.429272
3866,05/05/2023 15:40:40.874400,4073,True,True,True,True,Eyes,1.999801,0.006795501,-2.083255,-0.5941498,-0.0241402,-0.8039921,0.5329118,1.683171,-0.006069093,-2.511712,0.4839472,-0.189128,0.8544154,-0.02937305,-0.02869111,0.5473707,2.107945,0.008876843,-2.164373,-0.02407125,0.8907067,0.02432152,-0.453289,358.7678,233.984,356.2763,0.6897526,0.002172481,-0.7240396,0.0,0.0,0.0,1.675912,-0.003231972,-2.524529,-0.02955464,-0.01776061,0.5759968,-0.5878997,-0.06493018,0.8063241,-0.02083148,0.997658,0.06514913,-0.8086658,0.02150422,-0.5878755,static,36.46439,1.719813,-2.937294,-1.766131
3867,05/05/2023 15:40:40.894294,4074,True,True,True,True,Eyes,2.0041,0.00684549,-2.087078,-0.6011386,-0.02380867,-0.7987901,0.5322717,1.684131,-0.005827191,-2.512251,0.5478939,-0.173002,0.8184636,-0.02901232,-0.02774506,0.5470666,2.112279,0.008645209,-2.169654,-0.02344898,0.8884938,0.02377528,-0.4576719,358.8091,234.5447,356.3624,0.6900281,0.002190553,-0.7237763,0.0,0.0,0.0,1.675912,-0.003231972,-2.524529,-0.03195122,-0.01693917,0.5754582,-0.5799732,-0.06343111,0.8121624,-0.019906,0.9977697,0.06371226,-0.8143924,0.0207845,-0.5799424,static,36.96371,1.707248,-3.177976,-1.68607
3868,05/05/2023 15:40:40.913791,4075,True,True,True,True,Eyes,2.008422,0.00689374,-2.091014,-0.6083301,-0.02350581,-0.7933359,0.5316841,1.684983,-0.005603928,-2.512818,0.6046832,-0.1581111,0.7806147,-0.02847141,-0.02826901,0.5462816,2.116174,0.008933851,-2.175334,-0.02303943,0.8862197,0.02426811,-0.4620551,358.7553,235.1125,356.372,0.6902874,0.002208079,-0.7235285,0.0,0.0,0.0,1.675912,-0.003231972,-2.524529,-0.03485408,-0.01574545,0.5746743,-0.5719485,-0.0632624,0.8178465,-0.01840958,0.9977605,0.06430472,-0.820083,0.02172277,-0.5718322,static,37.481,1.697125,-3.470746,-1.56945
3869,05/05/2023 15:40:40.924687,4076,True,True,True,True,Eyes,2.012737,0.006912176,-2.095026,-0.615511,-0.02323364,-0.7877858,0.5311607,1.685802,-0.005428619,-2.513467,0.6593375,-0.1464375,0.7374484,-0.02805194,-0.02874599,0.5458287,2.120396,0.008862607,-2.181103,-0.02264838,0.8837733,0.02503125,-0.4666961,358.6761,235.7166,356.3643,0.6905304,0.00222504,-0.723296,0.0,0.0,0.0,1.675912,-0.003231972,-2.524529,-0.03684357,-0.01660785,0.5739909,-0.5633636,-0.06339604,0.8237734,-0.01666809,0.997721,0.06538372,-0.826041,0.02310408,-0.5631364,static,38.00114,1.689296,-3.672687,-1.657333
3870,05/05/2023 15:40:40.944402,4077,True,True,True,True,Eyes,2.017064,0.006909056,-2.099118,-0.62274,-0.02310236,-0.7820877,0.530716,1.686566,-0.005351736,-2.514184,0.7102659,-0.1413113,0.6896038,-0.02754295,-0.02770307,0.545478,2.124568,0.008168082,-2.187009,-0.02215395,0.881377,0.02474529,-0.4712447,358.697,236.3047,356.423,0.6907575,0.002240459,-0.7230789,0.0,0.0,0.0,1.675912,-0.003231972,-2.524529,-0.03758943,-0.01923857,0.5729797,-0.5548754,-0.06237413,0.829592,-0.01572978,0.9977937,0.06449971,-0.8317848,0.02274,-0.5546324,static,38.52868,1.691988,-3.753421,-1.923061
3871,05/05/2023 15:40:40.964343,4078,True,True,True,True,Eyes,2.021388,0.007006602,-2.103261,-0.6299691,-0.023384,-0.7762681,0.5303739,1.687269,-0.005395663,-2.514974,0.7571976,-0.1442573,0.6370569,-0.0272634,-0.02634872,0.5455875,2.128899,0.007635244,-2.192645,-0.02165816,0.878945,0.02382726,-0.4758351,358.781,236.8967,356.5164,0.6909688,0.002253743,-0.7228767,0.0,0.0,0.0,1.675912,-0.003231972,-2.524529,-0.03738084,-0.01991727,0.5724813,-0.5462239,-0.06074836,0.8354336,-0.01539698,0.9979264,0.06249712,-0.8374977,0.02127427,-0.5460265,static,39.06056,1.725434,-3.735892,-1.992581
3872,05/05/2023 15:40:40.974174,4079,True,True,True,True,Eyes,2.025658,0.007075088,-2.1075,-0.6373177,-0.02318261,-0.7702525,0.5299821,1.687891,-0.005211281,-2.51572,0.7985843,-0.1319437,0.5872427,-0.02762508,-0.0231908,0.5459857,2.133192,0.0102441,-2.198121,-0.02436265,0.8762027,0.01963152,-0.4809264,359.3715,237.542,356.4695,0.6911651,0.002268555,-0.7226889,0.0,0.0,0.0,1.675912,-0.003231972,-2.524529,-0.03721976,-0.0176704,0.5720533,-0.5362327,-0.06157587,0.8418213,-0.0238106,0.9980422,0.05783567,-0.8437344,0.0109691,-0.536649,static,39.60483,1.723935,-3.722615,-1.769271
3873,05/05/2023 15:40:40.994108,4080,True,True,True,True,Eyes,2.029975,0.007137726,-2.111796,-0.6446972,-0.02321151,-0.7640856,0.5297211,1.688465,-0.005157902,-2.516549,0.836926,-0.1283998,0.5320416,-0.02926594,-0.02911477,0.5442917,2.136245,0.009509224,-2.204723,-0.02181386,0.8725749,0.02538912,-0.4873323,358.6794,238.4082,356.3977,0.6913453,0.002283735,-0.7225165,0.0,0.0,0.0,1.675912,-0.003231972,-2.524529,-0.03893954,-0.01892497,0.5711478,-0.5240629,-0.06281432,0.8493601,-0.01332258,0.9977591,0.06556901,-0.8515754,0.02304662,-0.5237255,static,40.156,1.740005,-3.900258,-1.8978
3874,05/05/2023 15:40:41.014041,4081,True,True,True,True,Eyes,2.034288,0.007214801,-2.116185,-0.6521971,-0.02345079,-0.7576866,0.5294996,1.68895,-0.005202385,-2.51738,0.8692341,-0.1313608,0.4766304,-0.02949685,-0.02611095,0.5457355,2.141724,0.009484405,-2.210527,-0.02351837,0.8694394,0.02332591,-0.4929282,359.0044,239.1339,356.3362,0.6915108,0.002299031,-0.7223581,0.0,0.0,0.0,1.675912,-0.003231972,-2.524529,-0.0416334,-0.01973381,0.5701588,-0.5129375,-0.06389159,0.8560451,-0.01789959,0.9978056,0.06374667,-0.8582394,0.0173752,-0.5129555,static,40.72102,1.772768,-4.176366,-1.982278
3875,05/05/2023 15:40:41.023975,4082,True,True,True,True,Eyes,2.03861,0.007253099,-2.120631,-0.6597285,-0.023562,-0.7511346,0.5293465,1.689385,-0.005219361,-2.518242,0.8982056,-0.132486,0.4191351,-0.02965015,-0.02394604,0.5458099,2.145946,0.009951659,-2.217105,0.02601601,-0.8662282,-0.02208839,0.4984817,359.2935,239.8613,356.1527,0.6916614,0.002314913,-0.722214,0.0,0.0,0.0,1.675912,-0.003231972,-2.524529,-0.04332566,-0.01721893,0.5697749,-0.5016786,-0.06709292,0.8624486,-0.02305029,0.9976705,0.06420418,-0.8647472,0.01233015,-0.5020564,static,41.29314,1.796696,-4.348402,-1.730986
3876,05/05/2023 15:40:41.044299,4083,True,True,True,True,Eyes,2.042955,0.007287584,-2.125134,-0.6673992,-0.02413489,-0.7443089,0.529289,1.689708,-0.005486744,-2.519089,0.919722,-0.1503128,0.3626533,-0.03015319,-0.02498858,0.5465128,2.150533,0.009031074,-2.22305,0.02485317,-0.8629953,-0.02342855,0.5040563,359.1186,240.6059,356.1857,0.6917978,0.002329991,-0.7220834,0.0,0.0,0.0,1.675912,-0.003231972,-2.524529,-0.04326987,-0.01707239,0.569401,-0.4906193,-0.06651495,0.8688318,-0.01927771,0.9976668,0.06549224,-0.8711609,0.01538267,-0.4907569,static,41.88161,1.857216,-4.345664,-1.717389
3877,05/05/2023 15:40:41.063880,4084,True,True,True,True,Eyes,2.047277,0.007364247,-2.129689,-0.6751748,-0.02476624,-0.7372418,0.5292408,1.689947,-0.005743059,-2.519867,0.9356337,-0.1673901,0.3107574,-0.03193951,-0.01924758,0.547858,2.155226,0.009051684,-2.228602,0.02736675,-0.8593495,-0.01869289,0.5103139,359.7596,241.4148,356.2092,0.6919209,0.002344207,-0.7219657,0.0,0.0,0.0,1.675912,-0.003231972,-2.524529,-0.0431672,-0.01937937,0.5686585,-0.4776618,-0.06611369,0.8760528,-0.02795672,0.9978033,0.06005871,-0.8780991,0.004196189,-0.4784609,static,42.48383,1.92402,-4.341032,-1.951834
3878,05/05/2023 15:40:41.079554,4085,True,True,True,True,Eyes,2.051629,0.00743393,-2.134321,-0.6831862,-0.0250411,-0.7298147,0.5291422,1.690127,-0.005816376,-2.520497,0.9476601,-0.172291,0.268805,-0.03457224,-0.01948754,0.5480775,2.159088,0.01016003,-2.234518,0.02861438,-0.8550502,-0.01850231,0.5174243,359.8837,242.3635,356.0963,0.6920306,0.002359072,-0.7218606,0.0,0.0,0.0,1.675912,-0.003231972,-2.524529,-0.04378265,-0.01966135,0.5679737,-0.4629066,-0.06808056,0.8837886,-0.02978637,0.9976777,0.06125236,-0.8859063,0.002029263,-0.4638594,static,43.10994,1.965138,-4.407969,-1.982597
3879,05/05/2023 15:40:41.094230,4086,True,True,True,True,Eyes,2.055994,0.007491605,-2.139022,-0.6912518,-0.02535859,-0.7221689,0.5290801,1.690266,-0.005925118,-2.521107,0.9569312,-0.179537,0.2281427,-0.03671925,-0.02274008,0.5490309,2.163865,0.009961085,-2.240479,0.02751537,-0.8506767,-0.0215165,0.5245275,359.5564,243.3314,356.0212,0.6921276,0.002374268,-0.7217678,0.0,0.0,0.0,1.675912,-0.003231972,-2.524529,-0.04455435,-0.02042861,0.5671312,-0.4482274,-0.06938536,0.8912225,-0.02424139,0.9975598,0.0654723,-0.8935906,0.007742026,-0.4488157,static,43.74691,2.011086,-4.491984,-2.062958
3880,05/05/2023 15:40:41.113773,4087,True,True,True,True,Eyes,2.060356,0.007543158,-2.143775,-0.6993996,-0.02560966,-0.7142719,0.5290119,1.690366,-0.006004659,-2.521633,0.9636213,-0.1848481,0.1930422,-0.03811102,-0.0219709,0.5499805,2.168604,0.0097421,-2.246945,0.02849283,-0.8464393,-0.02159514,0.5312839,359.64,244.2433,355.9181,0.6922122,0.002389346,-0.7216868,0.0,0.0,0.0,1.675912,-0.003231972,-2.524529,-0.04498184,-0.02099321,0.5664927,-0.4338516,-0.07118119,0.8981684,-0.02528862,0.9974436,0.0668335,-0.9006295,0.006282375,-0.4345426,static,44.39725,2.053416,-4.539994,-2.122309
3881,05/05/2023 15:40:41.124180,4088,True,True,True,True,Eyes,2.064727,0.007573332,-2.148572,-0.707597,-0.02582334,-0.7061442,0.5289585,1.690437,-0.006086148,-2.522093,0.9682133,-0.1902477,0.1623847,-0.03966768,-0.02237298,0.550828,2.173048,0.009646051,-2.253159,0.02837159,-0.8422316,-0.02215287,0.5379127,359.6108,245.1447,355.8927,0.6922846,0.002404103,-0.7216174,0.0,0.0,0.0,1.675912,-0.003231972,-2.524529,-0.04468992,-0.0196728,0.5660808,-0.4196896,-0.07162353,0.9048372,-0.02395828,0.9974086,0.06783859,-0.9073512,0.006792815,-0.420318,static,45.05888,2.094345,-4.513921,-1.990378
3882,05/05/2023 15:40:41.144363,4089,True,True,True,True,Eyes,2.069122,0.007611229,-2.153423,-0.7158613,-0.02615541,-0.6977524,0.5289466,1.690469,-0.006223588,-2.522497,0.9705018,-0.1994366,0.1354665,-0.04176252,-0.02258694,0.5520046,2.177673,0.009156524,-2.259135,0.0276163,-0.8378042,-0.02249214,0.5448079,359.5647,246.0858,355.941,0.6923457,0.002417844,-0.721559,0.0,0.0,0.0,1.675912,-0.003231972,-2.524529,-0.04356101,-0.01914106,0.5656877,-0.4048433,-0.07078189,0.9116423,-0.02176632,0.9974629,0.06777917,-0.9141269,0.007596854,-0.4053569,static,45.73394,2.14674,-4.403394,-1.937966
3883,05/05/2023 15:40:41.163992,4090,True,True,True,True,Eyes,2.073527,0.007677654,-2.158317,-0.7240934,-0.02654173,-0.689191,0.528989,1.69049,-0.006362628,-2.522891,0.9718637,-0.2087049,0.1091928,-0.04333963,-0.02036186,0.5536816,2.182636,0.009403969,-2.265209,0.02848043,-0.8335189,-0.02047472,0.5513765,359.8438,246.9751,355.9828,0.692396,0.002430923,-0.7215109,0.0,0.0,0.0,1.675912,-0.003231972,-2.524529,-0.04257417,-0.02131147,0.5650205,-0.3903461,-0.07005651,0.9179991,-0.0248994,0.9975393,0.065539,-0.9203316,0.002725258,-0.3911299,static,46.41468,2.205452,-4.309082,-2.160061
3884,05/05/2023 15:40:41.183918,4091,True,True,True,True,Eyes,2.077933,0.007773457,-2.163266,-0.732196,-0.02671563,-0.6805698,0.5290915,1.690534,-0.006361557,-2.52335,0.974831,-0.2086374,0.0785822,-0.04439098,-0.02028296,0.5552279,2.187347,0.01017002,-2.271232,0.0289231,-0.8295103,-0.02006236,0.557381,359.9403,247.7996,355.966,0.6924362,0.002444353,-0.7214725,0.0,0.0,0.0,1.675912,-0.003231972,-2.524529,-0.04225868,-0.02327331,0.5641695,-0.3769799,-0.07034877,0.9235461,-0.02561926,0.9975219,0.06552624,-0.9258673,0.001041505,-0.377848,static,47.09281,2.24798,-4.283697,-2.362245
3885,05/05/2023 15:40:41.194243,4092,True,True,True,True,Eyes,2.082347,0.007859306,-2.168257,-0.7401991,-0.02686788,-0.6718507,0.5292926,1.690565,-0.006361661,-2.523863,0.9769792,-0.2086602,0.04441248,-0.04464336,-0.0219156,0.5565227,2.191789,0.01094078,-2.277559,0.0288513,-0.8257676,-0.02115318,0.5628748,359.8593,248.5647,355.902,0.6924663,0.002459067,-0.7214438,0.0,0.0,0.0,1.675912,-0.003231972,-2.524529,-0.04235062,-0.02468441,0.5634929,-0.3646792,-0.07146213,0.9283869,-0.02383576,0.9974403,0.06741457,-0.9308282,0.002455882,-0.3654492,static,47.77116,2.290086,-4.298117,-2.508299
3886,05/05/2023 15:40:41.214185,4093,True,True,True,True,Eyes,2.086765,0.007960821,-2.173306,-0.7480174,-0.02709568,-0.6631258,0.5296527,1.690575,-0.006390482,-2.524533,0.9775797,-0.2105656,-0.0002384166,-0.04457766,-0.02199694,0.5583783,2.196466,0.01078424,-2.283624,0.02879108,-0.8223876,-0.02157854,0.5677891,359.8397,249.2494,355.8792,0.6924868,0.002474592,-0.7214242,0.0,0.0,0.0,1.675912,-0.003231972,-2.524529,-0.04215744,-0.02505642,0.5631748,-0.3535736,-0.07185896,0.9326426,-0.02285073,0.9974108,0.06818636,-0.9351277,0.002797316,-0.3543003,static,48.44265,2.339835,-4.280992,-2.547487
3887,05/05/2023 15:40:41.224146,4094,True,True,True,True,Eyes,2.091178,0.008076768,-2.178386,-0.7557057,-0.02729273,-0.6543425,0.5301296,1.690556,-0.006391918,-2.525272,0.9763032,-0.2106567,-0.04955781,-0.04425161,-0.02151792,0.5601478,2.200875,0.01123967,-2.289793,0.02941459,-0.8191582,-0.02123193,0.5724195,359.9364,249.8932,355.8426,0.6924978,0.002491352,-0.7214138,0.0,0.0,0.0,1.675912,-0.003231972,-2.524529,-0.04155156,-0.02608454,0.5625439,-0.3429417,-0.07249752,0.936555,-0.02388326,0.997368,0.06845956,-0.9390531,0.001109647,-0.3437705,static,49.11171,2.388432,-4.224405,-2.65484
3888,05/05/2023 15:40:41.243949,4095,True,True,True,True,Eyes,2.095561,0.008179927,-2.183468,-0.7632077,-0.0274216,-0.6455711,0.53074,1.690496,-0.006373816,-2.526098,0.9722106,-0.2094365,-0.1046082,-0.04387666,-0.02224246,0.5620992,2.205242,0.01169759,-2.295696,0.02892063,-0.8161277,-0.02147877,0.5767477,359.9026,250.5003,355.8722,0.6924998,0.002509688,-0.7214121,0.0,0.0,0.0,1.675912,-0.003231972,-2.524529,-0.04036722,-0.02650075,0.5620376,-0.3330513,-0.0719815,0.9401571,-0.02243019,0.9974045,0.06841864,-0.9426418,0.001699015,-0.3338014,static,49.77327,2.432262,-4.1081,-2.699565
3889,05/05/2023 15:40:41.263934,4096,True,True,True,True,Eyes,2.099927,0.008244945,-2.18857,-0.7705691,-0.02759597,-0.6367588,0.531521,1.690354,-0.006422894,-2.527021,0.9628823,-0.2127431,-0.166126,-0.04356705,-0.02264034,0.5638363,2.209187,0.01151976,-2.301606,0.02821122,-0.8131877,-0.0218282,0.5809077,359.8439,251.0865,355.9146,0.6924929,0.002529007,-0.7214187,0.0,0.0,0.0,1.675912,-0.003231972,-2.524529,-0.03898335,-0.02583419,0.5616993,-0.3235012,-0.07124235,0.9435422,-0.02052168,0.9974553,0.06827706,-0.9460053,0.002724631,-0.3241399,static,50.43142,2.481542,-3.970105,-2.633344
3890,05/05/2023 15:40:41.274167,4097,True,True,True,True,Eyes,2.104277,0.008298014,-2.193697,-0.777774,-0.02789947,-0.6279245,0.5325147,1.690101,-0.006558863,-2.528076,0.945975,-0.2218024,-0.2365057,-0.04359683,-0.02121785,0.5659769,2.213197,0.01068122,-2.307275,0.02858065,-0.8102477,-0.02151482,0.5849949,359.9183,251.6611,355.9006,0.6924776,0.00254794,-0.7214333,0.0,0.0,0.0,1.675912,-0.003231972,-2.524529,-0.03766316,-0.02536752,0.5614232,-0.3139285,-0.07148693,0.9467516,-0.02114269,0.9974405,0.06830373,-0.9492112,0.00142561,-0.3146363,static,51.08484,2.54405,-3.837945,-2.587111
3891,05/05/2023 15:40:41.293957,4098,True,True,True,True,Eyes,2.108602,0.008325857,-2.198859,-0.7848616,-0.02826754,-0.6190261,0.5337162,1.689709,-0.006760989,-2.529243,0.9197366,-0.2352447,-0.3142366,-0.04358801,-0.01801682,0.5683315,2.217225,0.01049354,-2.313247,0.03104822,-0.8071852,-0.01994119,0.5891441,0.251603,252.2402,355.778,0.6924542,0.002566125,-0.7214559,0.0,0.0,0.0,1.675912,-0.003231972,-2.524529,-0.03659183,-0.0257152,0.5611812,-0.3038909,-0.07361978,0.9498583,-0.02662686,0.9972767,0.06877621,-0.9523348,-0.004391289,-0.3050236,static,51.73689,2.614569,-3.73069,-2.623649
3892,05/05/2023 15:40:41.313783,4099,True,True,True,True,Eyes,2.112901,0.008345674,-2.204057,-0.7918046,-0.02872586,-0.6100985,0.5399083,1.6854,-0.007163654,-2.533454,0.7847975,-0.1379243,-0.60421,-0.04566346,-0.01686017,0.5750283,2.221013,0.00993393,-2.319321,0.03273865,-0.8038909,-0.02008392,0.5935354,0.3765812,252.8646,355.6138,0.6924223,0.002582804,-0.7214866,0.0,0.0,0.0,1.675912,-0.003231972,-2.524529,-0.03562397,-0.02654442,0.5608371,-0.2932881,-0.07647765,0.9529604,-0.02879558,0.9970496,0.07115366,-0.9555904,-0.00657254,-0.294625,static,52.38515,2.695722,-3.634503,-2.709787
3893,05/05/2023 15:40:41.324008,4100,True,True,True,True,Eyes,2.117161,0.008353738,-2.209292,-0.7986301,-0.02918929,-0.6011139,0.0,0.0,0.0,0.0,0.0,0.0,0.0,2.853415,0.2282165,1.47111,2.224761,0.009788152,-2.325632,0.03427172,-0.8006777,-0.01934077,0.5978019,0.5731934,253.4691,355.5259,0.6923819,0.002597861,-0.7215253,0.0,0.0,0.0,1.675912,-0.003231972,-2.524529,-0.03438169,-0.02577427,0.5609344,-0.2829172,-0.0780051,0.9559672,-0.0317573,0.9969028,0.07194684,-0.9586186,-0.01000394,-0.2845182,static,53.03191,2.780023,-3.507476,-2.630823
3894,05/05/2023 15:40:41.343876,4101,True,True,True,True,Eyes,2.12138,0.008343125,-2.214557,-0.8053792,-0.0295495,-0.592023,0.0,0.0,0.0,0.0,0.0,0.0,0.0,2.845037,0.2226001,1.502808,2.228101,0.009518815,-2.331886,0.03343018,-0.7975345,-0.01872793,0.6020554,0.5948154,254.0754,355.6483,0.6923327,0.002611076,-0.7215726,0.0,0.0,0.0,1.675912,-0.003231972,-2.524529,-0.03301078,-0.02648843,0.560469,-0.2728239,-0.07587393,0.9590676,-0.03077294,0.9970634,0.07012597,-0.9615719,-0.0103813,-0.2743576,static,53.68092,2.857419,-3.370741,-2.705853
3895,05/05/2023 15:40:41.364103,4102,True,True,True,True,Eyes,2.125546,0.00834542,-2.219844,-0.8119825,-0.03000426,-0.58291,0.0,0.0,0.0,0.0,0.0,0.0,0.0,2.838637,0.2063919,1.53153,2.231439,0.009043545,-2.338084,0.03094017,-0.7947525,-0.01779032,0.6058835,0.5279582,254.6218,355.9435,0.6922743,0.002622025,-0.7216286,0.0,0.0,0.0,1.675912,-0.003231972,-2.524529,-0.03173208,-0.02711279,0.560279,-0.263896,-0.07073727,0.9619539,-0.02762183,0.9974524,0.06577007,-0.9641557,-0.009214472,-0.2651776,static,54.326,2.946598,-3.241553,-2.770472
3896,05/05/2023 15:40:41.374187,4103,True,True,True,True,Eyes,2.129634,0.008358501,-2.225151,-0.8185007,-0.0303057,-0.5737057,0.0,0.0,0.0,0.0,0.0,0.0,0.0,2.83116,0.1967359,1.559694,2.234367,0.009378918,-2.343998,0.02979916,-0.7919157,-0.01565349,0.6097022,0.661479,255.164,356.1991,0.6922065,0.00263136,-0.7216936,0.0,0.0,0.0,1.675912,-0.003231972,-2.524529,-0.03034478,-0.0260876,0.5601258,-0.2547509,-0.06628477,0.9647325,-0.0281089,0.997734,0.06112972,-0.9665983,-0.01154473,-0.2560368,static,54.97252,3.023809,-3.100964,-2.666597
3897,05/05/2023 15:40:41.394351,4104,True,True,True,True,Eyes,2.133671,0.008348649,-2.230485,-0.8248363,-0.03064883,-0.5645403,0.0,0.0,0.0,0.0,0.0,0.0,0.0,2.823951,0.1830742,1.586698,2.236669,0.009620776,-2.350116,0.02766785,-0.7891551,-0.01578395,0.6133674,0.5173392,255.6956,356.386,0.6921287,0.0026396,-0.7217683,0.0,0.0,0.0,1.675912,-0.003231972,-2.524529,-0.02917418,-0.02461183,0.5603623,-0.2460296,-0.06303117,0.9672106,-0.02430573,0.9979707,0.05885309,-0.9689575,-0.009029148,-0.2470624,static,55.61121,3.107531,-2.980303,-2.514888
3898,05/05/2023 15:40:41.414556,4105,True,True,True,True,Eyes,2.13764,0.00836604,-2.235858,-0.8311146,-0.0311395,-0.5552287,0.0,0.0,0.0,0.0,0.0,0.0,0.0,2.817844,0.1739424,1.611294,2.239319,0.008878164,-2.356298,0.02620477,-0.7866431,-0.01515794,0.6166654,0.4853793,256.1727,356.5645,0.6920406,0.002646112,-0.7218527,0.0,0.0,0.0,1.675912,-0.003231972,-2.524529,-0.02873895,-0.02143962,0.5608424,-0.2380741,-0.05992235,0.9693967,-0.02253284,0.9981671,0.05616693,-0.9709855,-0.008471364,-0.238988,static,56.25497,3.21002,-2.933411,-2.18921
3899,05/05/2023 15:40:41.433802,4106,True,True,True,True,Eyes,2.141526,0.008390705,-2.241256,-0.837235,-0.03150265,-0.5459352,0.0,0.0,0.0,0.0,0.0,0.0,0.0,2.812126,0.1804384,1.632993,2.24186,0.009771544,-2.362465,0.0278052,-0.7843061,-0.01186574,0.6196371,0.9079199,256.5941,356.6562,0.6919415,0.002651955,-0.7219476,0.0,0.0,0.0,1.675912,-0.003231972,-2.524529,-0.02958632,-0.02754917,0.5592057,-0.2305537,-0.05832048,0.9713104,-0.02891067,0.9981722,0.05307101,-0.9726301,-0.01584552,-0.2318184,static,56.89287,3.302535,-3.028567,-2.820387
3900,05/05/2023 15:40:41.445013,4107,True,True,True,True,Eyes,2.14535,0.008376053,-2.246654,-0.8431881,-0.03171471,-0.5366824,0.0,0.0,0.0,0.0,0.0,0.0,0.0,2.80505,0.1711314,1.657422,2.243781,0.009944968,-2.368541,0.02626162,-0.7817219,-0.01260113,0.6229466,0.745898,257.0808,356.746,0.6918309,0.002657436,-0.7220536,0.0,0.0,0.0,1.675912,-0.003231972,-2.524529,-0.0290547,-0.02436721,0.560627,-0.2224958,-0.05675823,0.9732801,-0.02535889,0.9983031,0.05242033,-0.9746038,-0.01301801,-0.2235575,static,57.52357,3.381904,-2.966721,-2.488749
3901,05/05/2023 15:40:41.463778,4108,True,True,True,True,Eyes,2.149101,0.008355007,-2.252079,-0.8489863,-0.03210738,-0.5274385,0.0,0.0,0.0,0.0,0.0,0.0,0.0,2.797529,0.1659829,1.682632,2.246325,0.008995114,-2.374638,0.02535176,-0.7790711,-0.01221056,0.6263039,0.7293957,257.5724,356.8586,0.6917089,0.002661326,-0.7221704,0.0,0.0,0.0,1.675912,-0.003231972,-2.524529,-0.02844653,-0.02205638,0.5606424,-0.2142017,-0.05479668,0.9752514,-0.0242066,0.9984164,0.05078159,-0.9764895,-0.01273001,-0.2151889,static,58.1491,3.483534,-2.904649,-2.252927
3902,05/05/2023 15:40:41.474180,4109,True,True,True,True,Eyes,2.152766,0.00834782,-2.257512,-0.8546966,-0.03236119,-0.518118,0.0,0.0,0.0,0.0,0.0,0.0,0.0,2.788745,0.1732678,1.707578,2.24828,0.008864319,-2.380777,0.02667949,-0.7762805,-0.0103986,0.629737,1.000301,258.0723,356.8743,0.691575,0.002663587,-0.7222984,0.0,0.0,0.0,1.675912,-0.003231972,-2.524529,-0.0282608,-0.02282938,0.561236,-0.2054392,-0.05451832,0.9771502,-0.02832477,0.9983601,0.0497466,-0.97826,-0.01745766,-0.2066465,static,58.77571,3.574001,-2.88267,-2.329335
3903,05/05/2023 15:40:41.493883,4110,True,True,True,True,Eyes,2.156349,0.008310926,-2.262976,-0.8602789,-0.03249167,-0.5087873,0.0,0.0,0.0,0.0,0.0,0.0,0.0,2.780119,0.1726746,1.732766,2.250087,0.009189431,-2.387128,0.02650561,-0.7734935,-0.01122005,0.6331505,0.9286218,258.5791,356.8346,0.691429,0.002664836,-0.7224379,0.0,0.0,0.0,1.675912,-0.003231972,-2.524529,-0.02948517,-0.0166296,0.5624237,-0.1968362,-0.05521179,0.9788808,-0.02679587,0.9983432,0.05092134,-0.9800702,-0.0162068,-0.1979894,static,59.39902,3.654004,-3.000994,-1.693613
3904,05/05/2023 15:40:41.514050,4111,True,True,True,True,Eyes,2.159854,0.00823389,-2.268467,-0.8658354,-0.03254868,-0.4992691,0.0,0.0,0.0,0.0,0.0,0.0,0.0,2.7703,0.1699181,1.759369,2.251712,0.00841408,-2.393436,0.02577183,-0.7705279,-0.01259089,0.6367607,0.7688017,259.1189,356.8038,0.6912704,0.002664229,-0.7225896,0.0,0.0,0.0,1.675912,-0.003231972,-2.524529,-0.03173134,-0.01673269,0.5625463,-0.1877434,-0.0557506,0.9806347,-0.02368107,0.9983546,0.05222424,-0.9819326,-0.01341772,-0.1887547,static,60.03084,3.729986,-3.22844,-1.703736
3905,05/05/2023 15:40:41.523962,4112,True,True,True,True,Eyes,2.163285,0.008143829,-2.273984,-0.8712518,-0.03278419,-0.4897402,0.0,0.0,0.0,0.0,0.0,0.0,0.0,2.760161,0.1747172,1.785535,2.253403,0.00737766,-2.39985,0.02641034,-0.7675364,-0.0119719,0.6403491,0.8850229,259.6512,356.7966,0.6910987,0.002660681,-0.7227536,0.0,0.0,0.0,1.675912,-0.003231972,-2.524529,-0.03352216,-0.0199296,0.563415,-0.1785108,-0.05587419,0.9823501,-0.02520941,0.9983183,0.05220142,-0.9836149,-0.01544595,-0.1796192,static,60.65918,3.82978,-3.404979,-2.025871
3906,05/05/2023 15:40:41.543936,4113,True,True,True,True,Eyes,2.166618,0.008042688,-2.279493,-0.8765906,-0.03296643,-0.4801063,0.0,0.0,0.0,0.0,0.0,0.0,0.0,2.748911,0.1838029,1.812208,2.255041,0.00701755,-2.406061,0.02791223,-0.7644209,-0.01043298,0.6440287,1.146116,260.1965,356.7827,0.6909138,0.002654085,-0.7229301,0.0,0.0,0.0,1.675912,-0.003231972,-2.524529,-0.03463827,-0.01903331,0.5642741,-0.1688962,-0.05611166,0.9840356,-0.02923509,0.9982241,0.05190293,-0.9852003,-0.02000218,-0.1702367,static,61.2906,3.928041,-3.512724,-1.931889
3907,05/05/2023 15:40:41.563810,4114,True,True,True,True,Eyes,2.169866,0.007915057,-2.285029,-0.8818172,-0.03309517,-0.4704288,0.0,0.0,0.0,0.0,0.0,0.0,0.0,2.736818,0.1827069,1.840266,2.256213,0.006674202,-2.412382,0.02765814,-0.7611442,-0.01057189,0.6479065,1.131454,260.7791,356.8004,0.6907155,0.002644414,-0.7231193,0.0,0.0,0.0,1.675912,-0.003231972,-2.524529,-0.03598015,-0.01934346,0.5650512,-0.1589046,-0.05580286,0.9857156,-0.02840448,0.9982466,0.05193324,-0.9868852,-0.01974631,-0.1602109,static,61.92112,4.024189,-3.643442,-1.960647
3908,05/05/2023 15:40:41.574313,4115,True,True,True,True,Eyes,2.173014,0.00775929,-2.290584,-0.8870612,-0.03319306,-0.4604569,0.0,0.0,0.0,0.0,0.0,0.0,0.0,2.72376,0.1796391,1.869448,2.257402,0.005898579,-2.418692,0.02701077,-0.7577259,-0.01099992,0.651921,1.062779,261.3857,356.8308,0.6905034,0.002631153,-0.7233216,0.0,0.0,0.0,1.675912,-0.003231972,-2.524529,-0.0379329,-0.01942376,0.5661587,-0.148539,-0.05527569,0.9873605,-0.02659136,0.9982988,0.05188764,-0.9885491,-0.01854793,-0.1497562,static,62.56702,4.123161,-3.833116,-1.964932
3909,05/05/2023 15:40:41.594342,4116,True,True,True,True,Eyes,2.176064,0.007575255,-2.296161,-0.8921857,-0.0332677,-0.4504419,0.0,0.0,0.0,0.0,0.0,0.0,0.0,2.709737,0.1778851,1.898868,2.258191,0.005057709,-2.424988,0.02663863,-0.7541845,-0.01070825,0.6560349,1.077209,262.0082,356.8907,0.6902772,0.002613791,-0.7235372,0.0,0.0,0.0,1.675912,-0.003231972,-2.524529,-0.03937215,-0.01698327,0.5677481,-0.1378176,-0.05423086,0.9889721,-0.02613091,0.9983515,0.05110374,-0.990113,-0.01879974,-0.1390075,static,63.21195,4.223951,-3.966992,-1.7134
3910,05/05/2023 15:40:41.616130,4117,True,True,True,True,Eyes,2.179024,0.007331319,-2.301761,-0.8973111,-0.03345669,-0.4401287,0.0,0.0,0.0,0.0,0.0,0.0,0.0,2.695642,0.1727324,1.927971,2.25888,0.004185623,-2.431223,0.02573754,-0.7506597,-0.0105077,0.660104,1.04304,262.6271,356.9894,0.6900362,0.002591871,-0.7237666,0.0,0.0,0.0,1.675912,-0.003231972,-2.524529,-0.04018752,-0.01686377,0.5692153,-0.1272006,-0.05251261,0.9904858,-0.0247679,0.9984543,0.04975432,-0.9915677,-0.01820348,-0.1283047,static,63.87217,4.347018,-4.038474,-1.696968
3911,05/05/2023 15:40:41.624052,4118,True,True,True,True,Eyes,2.181889,0.007059007,-2.307377,-0.9022986,-0.03379235,-0.4297853,0.0,0.0,0.0,0.0,0.0,0.0,0.0,2.681182,0.1714115,1.956771,2.25965,0.002225375,-2.437426,0.02534269,-0.7471197,-0.009390504,0.6641398,1.124818,263.2416,357.1139,0.6897804,0.002563986,-0.7240101,0.0,0.0,0.0,1.675912,-0.003231972,-2.524529,-0.04014157,-0.01848955,0.5704141,-0.1165522,-0.05034127,0.991908,-0.02539483,0.9985391,0.04769384,-0.9928599,-0.01963052,-0.1176604,static,64.53048,4.495696,-4.025421,-1.85655
3912,05/05/2023 15:40:41.643888,4119,True,True,True,True,Eyes,2.184644,0.006735242,-2.312991,-0.9071568,-0.03423212,-0.4193982,0.0,0.0,0.0,0.0,0.0,0.0,0.0,2.666023,0.17673,1.985101,2.260222,0.001305102,-2.443549,0.02615024,-0.7435276,-0.007746944,0.6681491,1.34224,263.8539,357.1769,0.6895095,0.002529873,-0.7242677,0.0,0.0,0.0,1.675912,-0.003231972,-2.524529,-0.03961645,-0.01851128,0.5720985,-0.1057865,-0.04923907,0.9931692,-0.02853462,0.9985123,0.04646464,-0.9939795,-0.02342438,-0.1070341,static,65.18788,4.666253,-3.961272,-1.853262
3913,05/05/2023 15:40:41.663807,4120,True,True,True,True,Eyes,2.187304,0.006361616,-2.318629,-0.9118776,-0.03480263,-0.4089839,0.0,0.0,0.0,0.0,0.0,0.0,0.0,2.650418,0.1808172,2.013264,2.260412,4.688511e-05,-2.449731,0.02662058,-0.7398936,-0.007081959,0.6721598,1.450126,264.4719,357.1955,0.6892232,0.002488579,-0.7245397,0.0,0.0,0.0,1.675912,-0.003231972,-2.524529,-0.0387622,-0.01796564,0.573648,-0.09498541,-0.0489132,0.9942763,-0.02987237,0.9984824,0.04626635,-0.9950303,-0.02530677,-0.09630232,static,65.84341,4.863886,-3.86568,-1.793816
3914,05/05/2023 15:40:41.674074,4121,True,True,True,True,Eyes,2.189866,0.005948855,-2.324288,-0.9165578,-0.03563115,-0.3983116,0.0,0.0,0.0,0.0,0.0,0.0,0.0,2.634809,0.1873458,2.041045,2.260785,-0.00149156,-2.456019,0.02747902,-0.7362642,-0.005570795,0.6761131,1.659213,265.0828,357.2478,0.6889215,0.002439299,-0.7248262,0.0,0.0,0.0,1.675912,-0.003231972,-2.524529,-0.03776997,-0.01867426,0.5753289,-0.08423192,-0.0479966,0.9952896,-0.03293065,0.9984277,0.045361,-0.9959019,-0.02895469,-0.08567999,static,66.51151,5.111814,-3.756041,-1.859077
3915,05/05/2023 15:40:41.694411,4122,True,True,True,True,Eyes,2.192335,0.005489194,-2.329971,-0.9210708,-0.03656398,-0.3876746,0.0,0.0,0.0,0.0,0.0,0.0,0.0,2.619254,0.1940494,2.068014,2.260945,-0.002808596,-2.462306,0.02842127,-0.7326618,-0.003584488,0.6799898,1.91403,265.6848,357.3321,0.6886038,0.002381654,-0.7251275,0.0,0.0,0.0,1.675912,-0.003231972,-2.524529,-0.03677127,-0.01899103,0.5766997,-0.07361214,-0.04652119,0.9962013,-0.03677152,0.9983588,0.04390479,-0.9966087,-0.03339992,-0.07520191,static,67.17399,5.387979,-3.648329,-1.886099
3916,05/05/2023 15:40:41.714050,4123,True,True,True,True,Eyes,2.194715,0.005004425,-2.335656,-0.9254463,-0.03775015,-0.3769934,0.0,0.0,0.0,0.0,0.0,0.0,0.0,2.606709,0.196324,2.091326,2.261176,-0.004369872,-2.468641,0.02863867,-0.729546,-0.001668664,0.6833298,2.10349,266.2065,357.4726,0.6882709,0.002315059,-0.7254444,0.0,0.0,0.0,1.675912,-0.003231972,-2.524529,-0.03602186,-0.01735719,0.578334,-0.06448045,-0.04406696,0.9969455,-0.03950596,0.9983541,0.04157405,-0.9971367,-0.03670458,-0.06611527,static,67.83579,5.71824,-3.564096,-1.719067
4218,05/05/2023 15:40:46.743718,4425,True,True,True,True,Eyes,0.7552657,-0.05318197,-3.126042,0.3197895,-0.568216,0.7581987,0.8305807,1.020877,-0.5251312,-2.496297,-0.5966958,0.3288892,-0.731974,0.1317013,-0.02779761,0.8494799,0.6085334,-0.04646788,-3.079897,0.2633291,0.2129035,-0.08308115,0.9372446,31.93684,24.75311,357.0545,0.2520778,-0.01647299,-0.9675664,0.0,0.0,0.0,1.029827,-0.5300646,-2.485317,0.1379599,-0.06078392,0.8481008,0.8955393,-0.04360736,-0.4428406,0.2678621,0.8475106,0.4582311,0.3553298,-0.5289841,0.7706598,static,22.86881,-36.84895,9.239334,-4.099416
4219,05/05/2023 15:40:46.764692,4426,True,True,True,True,Eyes,0.749137,-0.0531865,-3.123813,0.3279893,-0.568754,0.7542824,0.8308419,1.021644,-0.5257312,-2.497124,-0.5453669,0.2888078,-0.7868704,0.1291699,-0.03082997,0.8508457,0.6030175,-0.046991,-3.077755,0.2605987,0.2194662,-0.08463322,0.9363548,31.67995,25.53902,357.029,0.2503551,-0.01647937,-0.9680135,0.0,0.0,0.0,1.029827,-0.5300646,-2.485317,0.1465726,-0.06290033,0.8463336,0.8893437,-0.04410821,-0.455107,0.2728786,0.8498511,0.4508773,0.3668857,-0.5251738,0.7678459,static,23.50115,-37.01751,9.825336,-4.250463
4220,05/05/2023 15:40:46.783892,4427,True,True,True,True,Eyes,0.7430484,-0.05323631,-3.121642,0.3359035,-0.5692518,0.750414,0.8313445,1.0223,-0.5264807,-2.49779,-0.5017451,0.2388935,-0.8313734,0.1253718,-0.032487,0.8522556,0.5973231,-0.04838225,-3.075656,0.2583295,0.2265863,-0.08590939,0.9351707,31.47296,26.41383,357.0689,0.2486401,-0.01648711,-0.9684553,0.0,0.0,0.0,1.029827,-0.5300646,-2.485317,0.1521216,-0.0599409,0.8447783,0.8825564,-0.04361206,-0.4681796,0.2777477,0.8517709,0.4442325,0.3794079,-0.522096,0.7638491,static,24.11445,-37.18336,10.20801,-4.058597
4221,05/05/2023 15:40:46.793871,4428,True,True,True,True,Eyes,0.7369649,-0.05328989,-3.119482,0.3438479,-0.5698526,0.7463489,0.8320822,1.023075,-0.5274541,-2.498459,-0.4500656,0.1739908,-0.8758814,0.1216792,-0.03190225,0.8548533,0.591152,-0.04949934,-3.074306,0.2574907,0.2333961,-0.08681581,0.9336423,31.42174,27.27873,357.1846,0.2469328,-0.01649744,-0.9688918,0.0,0.0,0.0,1.029827,-0.5300646,-2.485317,0.1559326,-0.05456296,0.8441719,0.8759786,-0.04191514,-0.4805255,0.2823045,0.8523231,0.4402835,0.3911084,-0.5213334,0.7584496,static,24.73584,-37.36247,10.46552,-3.698162
4222,05/05/2023 15:40:46.813920,4429,True,True,True,True,Eyes,0.7308837,-0.05333755,-3.117302,0.3515662,-0.5703767,0.7423419,0.8329945,1.023736,-0.5284582,-2.498935,-0.4059474,0.1070625,-0.9076036,0.1183707,-0.02855352,0.8576779,0.5851312,-0.04962184,-3.072328,0.2586256,0.2398559,-0.08858084,0.9315233,31.62279,28.09762,357.2426,0.2452317,-0.01651023,-0.9693235,0.0,0.0,0.0,1.029827,-0.5300646,-2.485317,0.158618,-0.05029044,0.8436922,0.8692452,-0.04096448,-0.4926811,0.2890959,0.8505325,0.4393382,0.4010441,-0.5243247,0.7511639,static,25.3418,-37.53679,10.64758,-3.411226
4223,05/05/2023 15:40:46.824373,4430,True,True,True,True,Eyes,0.7248033,-0.05338464,-3.11509,0.3594157,-0.5707573,0.7382795,0.834017,1.024562,-0.529406,-2.499352,-0.3508999,0.04390023,-0.9353834,0.1148203,-0.02825809,0.8601592,0.5791864,-0.04955373,-3.069649,0.257947,0.2470508,-0.09073592,0.9296218,31.62913,28.97854,357.2233,0.2435361,-0.01652504,-0.9697507,0.0,0.0,0.0,1.029827,-0.5300646,-2.485317,0.1613591,-0.04863271,0.8430059,0.8614659,-0.04124817,-0.5061375,0.2961521,0.8504607,0.4347534,0.4125173,-0.524419,0.7448586,static,25.95815,-37.70729,10.83588,-3.301714
4224,05/05/2023 15:40:46.844276,4431,True,True,True,True,Eyes,0.7187172,-0.05347229,-3.112855,0.3671592,-0.5708178,0.7344122,0.8350075,1.025298,-0.5301095,-2.499615,-0.3019843,-0.002988527,-0.9533083,0.1119041,-0.03150827,0.8621939,0.5730495,-0.04961751,-3.066619,0.2554178,0.2539535,-0.09177446,0.9283571,31.38933,29.83068,357.2692,0.241845,-0.01654168,-0.9701735,0.0,0.0,0.0,1.029827,-0.5300646,-2.485317,0.1645752,-0.04774252,0.8421052,0.8541701,-0.04067047,-0.5184007,0.3001274,0.8526784,0.427625,0.4246373,-0.5208507,0.7405388,static,26.56213,-37.85594,11.05811,-3.244867
4225,05/05/2023 15:40:46.864685,4432,True,True,True,True,Eyes,0.7126365,-0.05358635,-3.11062,0.3749734,-0.5708313,0.7304427,0.836174,1.02618,-0.5309006,-2.499843,-0.243172,-0.05573454,-0.9683806,0.1092614,-0.03675175,0.8639252,0.5668727,-0.05075189,-3.063891,0.2515608,0.2605409,-0.0915885,0.9276029,30.95884,30.65862,357.4046,0.2401576,-0.01656126,-0.9705923,0.0,0.0,0.0,1.029827,-0.5300646,-2.485317,0.1665652,-0.04326606,0.8421237,0.84746,-0.03883176,-0.5294372,0.3009993,0.8566573,0.418972,0.4372769,-0.5144222,0.7376712,static,27.17374,-38.00716,11.18823,-2.941117
4226,05/05/2023 15:40:46.874443,4433,True,True,True,True,Eyes,0.7065589,-0.0537733,-3.108405,0.3826788,-0.5706079,0.726611,0.8373622,1.027,-0.5315788,-2.499968,-0.1885215,-0.1009613,-0.9768656,0.1064297,-0.03676409,0.8663009,0.5608544,-0.05151558,-3.061576,0.2507153,0.2665212,-0.09177246,0.9261134,30.88391,31.43951,357.573,0.2384735,-0.01658431,-0.9710071,0.0,0.0,0.0,1.029827,-0.5300646,-2.485317,0.1668502,-0.03601378,0.842734,0.8410885,-0.03634155,-0.5396752,0.3036253,0.8574393,0.415463,0.4476402,-0.5133002,0.7322165,static,27.7741,-38.14256,11.19898,-2.447015
4227,05/05/2023 15:40:46.893917,4434,True,True,True,True,Eyes,0.7004626,-0.05394567,-3.106251,0.3902724,-0.5707217,0.7224709,0.8392289,1.02799,-0.5329118,-2.499932,-0.1224258,-0.189789,-0.9741622,0.1012877,-0.03512615,0.8693153,0.5547956,-0.05347099,-3.059776,0.2506346,0.2733621,-0.09127182,0.9241889,30.87506,32.37081,357.8849,0.2367913,-0.01661276,-0.9714182,0.0,0.0,0.0,1.029827,-0.5300646,-2.485317,0.1683236,-0.03040847,0.843473,0.8338853,-0.03167687,-0.551028,0.3057327,0.8577036,0.4133667,0.4595246,-0.5131677,0.724911,static,28.37753,-38.30725,11.2857,-2.064705
4228,05/05/2023 15:40:46.914245,4435,True,True,True,True,Eyes,0.6944102,-0.05407966,-3.104067,0.3974337,-0.5710395,0.7183038,0.8415578,1.028874,-0.5346424,-2.499573,-0.06354938,-0.3051252,-0.9501895,0.09767008,-0.03083467,0.8739527,0.5482569,-0.05434225,-3.058682,0.2521493,0.2791104,-0.09176219,0.9220076,31.07708,33.15482,358.096,0.2351102,-0.0166456,-0.9718259,0.0,0.0,0.0,1.029827,-0.5300646,-2.485317,0.169611,-0.03079298,0.8435212,0.8273541,-0.02845581,-0.5609593,0.3099659,0.8560008,0.4137436,0.4684083,-0.5161908,0.7170361,static,28.95552,-38.48412,11.36914,-2.09067
4229,05/05/2023 15:40:46.924188,4436,True,True,True,True,Eyes,0.688403,-0.05416073,-3.10183,0.404698,-0.5713513,0.7139869,0.8447077,1.030254,-0.5367855,-2.49872,0.02849148,-0.4480713,-0.8935437,0.09469363,-0.01958743,0.8793507,0.5430043,-0.05246384,-3.05606,0.2575913,0.284986,-0.09727498,0.9181326,31.90077,33.87476,357.8531,0.2334308,-0.01668121,-0.9722301,0.0,0.0,0.0,1.029827,-0.5300646,-2.485317,0.1702584,-0.02917179,0.8443003,0.8186412,-0.03180284,-0.5734242,0.3254425,0.8483686,0.4175619,0.4731954,-0.52845,0.7048594,static,29.54519,-38.66772,11.40115,-1.978865
4230,05/05/2023 15:40:46.944524,4437,True,True,True,True,Eyes,0.682372,-0.05433882,-3.099588,0.4120613,-0.5711014,0.7099639,0.8482825,1.031916,-0.5387941,-2.497338,0.139264,-0.5818877,-0.8012567,0.09014302,-0.02129883,0.8838392,0.538021,-0.05126514,-3.052436,0.2550316,0.2932184,-0.1026268,0.9156689,31.8187,34.77444,357.4109,0.231754,-0.01671767,-0.9726304,0.0,0.0,0.0,1.029827,-0.5300646,-2.485317,0.1690182,-0.02685872,0.8451744,0.8069814,-0.03838446,-0.5893281,0.3375043,0.8488532,0.4068649,0.4846358,-0.5272331,0.6979637,static,30.13078,-38.81352,11.30884,-1.820185
4231,05/05/2023 15:40:46.964618,4438,True,True,True,True,Eyes,0.6762856,-0.05452458,-3.097412,0.4193594,-0.5710282,0.7057368,0.0,0.0,0.0,0.0,0.0,0.0,0.0,-2.272652,1.042558,1.827125,0.5319531,-0.05381658,-3.050309,0.2456998,0.3029329,-0.1047814,0.9148137,30.86537,35.85365,357.1386,0.2300783,-0.01675798,-0.9730275,0.0,0.0,0.0,1.029827,-0.5300646,-2.485317,0.167826,-0.02633533,0.8464987,0.794505,-0.04284989,-0.6057439,0.3405721,0.8573049,0.3860556,0.5027648,-0.5130225,0.6957266,static,30.71942,-38.97714,11.21399,-1.781948
4232,05/05/2023 15:40:46.974926,4439,True,True,True,True,Eyes,0.6702325,-0.05467192,-3.095194,0.4262269,-0.5713492,0.7013492,0.0,0.0,0.0,0.0,0.0,0.0,0.0,-2.299391,1.021964,1.801884,0.5244997,-0.05414702,-3.049649,0.2459117,0.3092783,-0.1099098,0.9120275,31.10058,36.56332,356.7616,0.228402,-0.01680196,-0.9734216,0.0,0.0,0.0,1.029827,-0.5300646,-2.485317,0.167388,-0.02582115,0.8476185,0.7845336,-0.04837118,-0.6181968,0.3525918,0.8548945,0.3805711,0.5100844,-0.516542,0.6877488,static,31.28806,-39.16774,11.17105,-1.744872
4233,05/05/2023 15:40:46.994068,4440,True,True,True,True,Eyes,0.6642144,-0.05479236,-3.092918,0.4333483,-0.5715787,0.6967834,0.0,0.0,0.0,0.0,0.0,0.0,0.0,-2.334482,1.00913,1.755951,0.5191263,-0.05326375,-3.046176,0.250255,0.3170361,-0.1172336,0.9072579,31.89919,37.47998,356.3503,0.2267251,-0.01684807,-0.9738127,0.0,0.0,0.0,1.029827,-0.5300646,-2.485317,0.1672957,-0.02715325,0.8482805,0.7714888,-0.05404254,-0.6339437,0.3714021,0.8472574,0.3797571,0.5165904,-0.5284263,0.673721,static,31.87859,-39.36239,11.15655,-1.833398
4234,05/05/2023 15:40:47.014033,4441,True,True,True,True,Eyes,0.6581362,-0.05486706,-3.090625,0.4403011,-0.5716,0.6923932,0.0,0.0,0.0,0.0,0.0,0.0,0.0,-2.369797,0.9689225,1.722918,0.5138557,-0.05275957,-3.042428,0.2468167,0.3264088,-0.1205248,0.9044405,31.67785,38.60079,356.167,0.2250492,-0.01689528,-0.9742005,0.0,0.0,0.0,1.029827,-0.5300646,-2.485317,0.1665228,-0.02928773,0.8488977,0.7578621,-0.05688884,-0.6499297,0.3791413,0.8491107,0.3677812,0.5309396,-0.5251427,0.6650777,static,32.45277,-39.54111,11.09842,-1.975972
4235,05/05/2023 15:40:47.024184,4442,True,True,True,True,Eyes,0.6520357,-0.05491774,-3.088296,0.4473035,-0.5718375,0.6876929,0.0,0.0,0.0,0.0,0.0,0.0,0.0,-2.3959,0.9465941,1.692951,0.5069217,-0.05179096,-3.040199,0.2458408,0.3339128,-0.1229187,0.9016405,31.69574,39.54316,356.1265,0.223372,-0.01694205,-0.9745857,0.0,0.0,0.0,1.029827,-0.5300646,-2.485317,0.1648032,-0.02845523,0.8501869,0.7467864,-0.05747808,-0.6625755,0.3858357,0.8489066,0.3612319,0.5417019,-0.5254084,0.656129,static,33.04162,-39.74455,10.97036,-1.916939
4236,05/05/2023 15:40:47.043997,4443,True,True,True,True,Eyes,0.6458989,-0.05495101,-3.085928,0.4539692,-0.5717615,0.6833746,0.0,0.0,0.0,0.0,0.0,0.0,0.0,-2.422586,0.9326092,1.654398,0.5002242,-0.05122413,-3.036918,0.2473162,0.3414876,-0.126182,0.8979415,32.02776,40.52328,356.0977,0.2216924,-0.0169877,-0.9749683,0.0,0.0,0.0,1.029827,-0.5300646,-2.485317,0.1622659,-0.02725178,0.8518817,0.7349287,-0.05769725,-0.6756855,0.3955188,0.8458256,0.3579718,0.5508581,-0.5303301,0.6444418,static,33.59629,-39.91833,10.78448,-1.832273
4237,05/05/2023 15:40:47.064568,4444,True,True,True,True,Eyes,0.6397796,-0.05495138,-3.083523,0.460704,-0.5715201,0.6790557,0.0,0.0,0.0,0.0,0.0,0.0,0.0,-2.437773,0.9173154,1.632993,0.4935416,-0.05090445,-3.033924,0.2459031,0.3470553,-0.1266302,0.89613,31.91212,41.25391,356.1991,0.2200097,-0.01703182,-0.9753487,0.0,0.0,0.0,1.029827,-0.5300646,-2.485317,0.1594641,-0.02808496,0.8531709,0.7270348,-0.05627021,-0.6842908,0.3976382,0.8469928,0.3528271,0.5597359,-0.5286178,0.6381685,static,34.15486,-40.08529,10.58686,-1.885401
4238,05/05/2023 15:40:47.077568,4445,True,True,True,True,Eyes,0.633701,-0.05495776,-3.081138,0.4671851,-0.5710167,0.6750393,0.0,0.0,0.0,0.0,0.0,0.0,0.0,-2.449213,0.8989677,1.618067,0.4877737,-0.05015222,-3.030592,0.2432156,0.351864,-0.126288,0.8950359,31.61749,41.87535,356.3031,0.2183243,-0.01707353,-0.9757265,0.0,0.0,0.0,1.029827,-0.5300646,-2.485317,0.1568884,-0.03151193,0.8541975,0.720486,-0.05490696,-0.6912922,0.3972222,0.849795,0.346501,0.5684314,-0.5242458,0.6340758,static,34.68656,-40.22793,10.40739,-2.112722
4239,05/05/2023 15:40:47.094002,4446,True,True,True,True,Eyes,0.6276462,-0.05495499,-3.07874,0.4736326,-0.5705726,0.6709091,0.0,0.0,0.0,0.0,0.0,0.0,0.0,-2.459077,0.8829674,1.605443,0.481983,-0.05030084,-3.028085,0.2409685,0.3559708,-0.1265339,0.8939845,31.39458,42.3908,356.327,0.2166373,-0.01711325,-0.9761018,0.0,0.0,0.0,1.029827,-0.5300646,-2.485317,0.15399,-0.03198352,0.8553787,0.714548,-0.05468306,-0.6974462,0.3977942,0.8518467,0.3407595,0.5754834,-0.520929,0.6304379,static,35.22043,-40.3794,10.20539,-2.141353
4240,05/05/2023 15:40:47.104011,4447,True,True,True,True,Eyes,0.6215873,-0.05492965,-3.076337,0.4797019,-0.5700203,0.6670554,0.0,0.0,0.0,0.0,0.0,0.0,0.0,-2.471775,0.8727794,1.584497,0.476459,-0.05007122,-3.025314,0.2409032,0.3605195,-0.1277579,0.8920031,31.45919,42.98727,356.3557,0.2149492,-0.01715089,-0.9764743,0.0,0.0,0.0,1.029827,-0.5300646,-2.485317,0.1505605,-0.03049332,0.8566461,0.7074073,-0.05422024,-0.7047235,0.4016214,0.8512871,0.3376544,0.5816143,-0.5218912,0.6239828,static,35.72118,-40.51495,9.968256,-2.03865
4241,05/05/2023 15:40:47.129510,4448,True,True,True,True,Eyes,0.6155341,-0.05486504,-3.073905,0.4856073,-0.5694876,0.6632265,0.0,0.0,0.0,0.0,0.0,0.0,0.0,-2.482062,0.8645833,1.565987,0.470256,-0.04951519,-3.022723,0.2412488,0.3644895,-0.1292355,0.8900813,31.57888,43.50665,356.3527,0.2132594,-0.01718595,-0.9768441,0.0,0.0,0.0,1.029827,-0.5300646,-2.485317,0.1465826,-0.02874187,0.8582205,0.7008912,-0.05419481,-0.7112064,0.4059255,0.8501944,0.3352522,0.5864947,-0.523672,0.6178928,static,36.21119,-40.65144,9.692492,-1.918123
4242,05/05/2023 15:40:47.144594,4449,True,True,True,True,Eyes,0.6094919,-0.0547695,-3.071434,0.491324,-0.5683889,0.6599506,0.0,0.0,0.0,0.0,0.0,0.0,0.0,-2.485938,0.8516552,1.559016,0.464326,-0.04850272,-3.019567,0.240483,0.3667662,-0.1311794,0.8890685,31.58991,43.75218,356.1731,0.2115682,-0.01721744,-0.9772112,0.0,0.0,0.0,1.029827,-0.5300646,-2.485317,0.1423928,-0.02596211,0.8602474,0.6965491,-0.0568529,-0.7152532,0.409657,0.8499198,0.3313873,0.5890676,-0.5238361,0.615301,static,36.66717,-40.737,9.398688,-1.728652
4243,05/05/2023 15:40:47.164701,4450,True,True,True,True,Eyes,0.6034812,-0.0546753,-3.068948,0.4969293,-0.5670099,0.6569331,0.0,0.0,0.0,0.0,0.0,0.0,0.0,-2.487591,0.818891,1.566276,0.4587872,-0.0477594,-3.016479,0.2356471,0.3683995,-0.1337724,0.8893016,31.17716,43.80119,355.6897,0.2098757,-0.01724474,-0.9775757,0.0,0.0,0.0,1.029827,-0.5300646,-2.485317,0.1388365,-0.0238044,0.8622236,0.6927735,-0.06430356,-0.7182826,0.4115526,0.8531508,0.3205592,0.5921903,-0.517686,0.6175046,static,37.10526,-40.79802,9.147333,-1.581429
4244,05/05/2023 15:40:47.174290,4451,True,True,True,True,Eyes,0.5975135,-0.05461992,-3.066452,0.5025021,-0.5653335,0.6541327,0.0,0.0,0.0,0.0,0.0,0.0,0.0,-2.489863,0.7763143,1.577349,0.453505,-0.04775545,-3.013663,0.2291581,0.3700455,-0.1371901,0.8897932,30.61987,43.80155,355.0307,0.2081829,-0.01726832,-0.9779372,0.0,0.0,0.0,1.029827,-0.5300646,-2.485317,0.1350696,-0.02455008,0.8637314,0.6884905,-0.07454383,-0.7214043,0.4137395,0.8573309,0.3062735,0.5956513,-0.5093398,0.6211058,static,37.53132,-40.83519,8.887882,-1.628096
4245,05/05/2023 15:40:47.194351,4452,True,True,True,True,Eyes,0.5915816,-0.05459619,-3.063949,0.5082023,-0.5636215,0.6511998,0.0,0.0,0.0,0.0,0.0,0.0,0.0,-2.501716,0.7396482,1.570144,0.4487675,-0.04873718,-3.011187,0.2242635,0.374199,-0.1400812,0.8888522,30.23253,44.20389,354.6082,0.20649,-0.01728978,-0.9782957,0.0,0.0,0.0,1.029827,-0.5300646,-2.485317,0.1312651,-0.02695641,0.8651893,0.6807047,-0.08118468,-0.7280455,0.4168614,0.8601663,0.2938376,0.6023852,-0.5035107,0.6193619,static,37.9688,-40.8766,8.627032,-1.784568
4246,05/05/2023 15:40:47.214441,4453,True,True,True,True,Eyes,0.585708,-0.05455548,-3.061425,0.5139215,-0.5619079,0.6481854,0.0,0.0,0.0,0.0,0.0,0.0,0.0,-2.516795,0.7193913,1.548651,0.4436288,-0.04949807,-3.008462,0.2218664,0.3797536,-0.1408206,0.8869792,30.03546,44.90899,354.6113,0.2047986,-0.01731034,-0.9786507,0.0,0.0,0.0,1.029827,-0.5300646,-2.485317,0.126332,-0.0279085,0.8665094,0.6719136,-0.08130077,-0.7361538,0.418319,0.8618898,0.2866275,0.6111804,-0.500536,0.613125,static,38.40956,-40.92181,8.294948,-1.844743
4247,05/05/2023 15:40:47.229730,4454,True,True,True,True,Eyes,0.5798897,-0.05448842,-3.058841,0.5198422,-0.560134,0.6449915,0.0,0.0,0.0,0.0,0.0,0.0,0.0,-2.531444,0.7153777,1.518449,0.4388219,-0.04904389,-3.005111,0.2222262,0.3855257,-0.1400094,0.884524,30.0717,45.74042,354.9395,0.2031096,-0.01732956,-0.9790024,0.0,0.0,0.0,1.029827,-0.5300646,-2.485317,0.1213891,-0.02643514,0.8688221,0.6635346,-0.0763355,-0.7442409,0.4190311,0.8620258,0.2851745,0.619786,-0.5010832,0.6039709,static,38.86769,-40.97224,7.953701,-1.742767
4248,05/05/2023 15:40:47.244251,4455,True,True,True,True,Eyes,0.5741069,-0.05440713,-3.056192,0.5258574,-0.558306,0.6416917,0.0,0.0,0.0,0.0,0.0,0.0,0.0,-2.544144,0.707567,1.491105,0.434248,-0.04838097,-3.000967,0.2207853,0.3914198,-0.1376389,0.8826663,29.83532,46.59378,355.3622,0.2014247,-0.01734673,-0.9793501,0.0,0.0,0.0,1.029827,-0.5300646,-2.485317,0.1170219,-0.0221763,0.8711919,0.6556921,-0.07013885,-0.7517636,0.4158179,0.8646188,0.2820104,0.630209,-0.4975087,0.5960887,static,39.33414,-41.02501,7.650403,-1.458156
4249,05/05/2023 15:40:47.264361,4456,True,True,True,True,Eyes,0.5683913,-0.05432073,-3.053499,0.5320019,-0.5564781,0.6382054,0.0,0.0,0.0,0.0,0.0,0.0,0.0,-2.553755,0.7039421,1.467799,0.4297908,-0.04807688,-2.997432,0.2192326,0.3965552,-0.1343821,0.8812619,29.5368,47.35942,355.8492,0.1997443,-0.01736164,-0.9796939,0.0,0.0,0.0,1.029827,-0.5300646,-2.485317,0.1122797,-0.02115726,0.8731306,0.6493708,-0.062976,-0.7578598,0.4107273,0.8677571,0.2798228,0.6400161,-0.4929825,0.5893621,static,39.81426,-41.08654,7.327698,-1.388091
4250,05/05/2023 15:40:47.284244,4457,True,True,True,True,Eyes,0.5627337,-0.05420751,-3.050752,0.5379828,-0.5548766,0.6345758,0.8701918,1.030882,-0.5370566,-2.49855,0.07031095,-0.4660394,-0.8819658,0.03765872,-0.0402911,0.9206718,0.425609,-0.04788657,-2.99356,0.2191066,0.4017608,-0.1314987,0.8793685,29.40717,48.15499,356.3661,0.1980702,-0.01737436,-0.9800336,0.0,0.0,0.0,1.029827,-0.5300646,-2.485317,0.1083588,-0.02399635,0.8746822,0.6425927,-0.05521483,-0.7642159,0.4073285,0.8694009,0.2796887,0.648967,-0.4910128,0.5811613,static,40.29073,-41.16663,7.062028,-1.571479
4251,05/05/2023 15:40:47.294356,4458,True,True,True,True,Eyes,0.5571458,-0.05407704,-3.04795,0.5439627,-0.5533563,0.6307942,0.8696728,1.030215,-0.5353161,-2.499365,0.02588099,-0.350053,-0.9363723,0.03411996,-0.03984053,0.9201136,0.421314,-0.04742314,-2.989834,0.2196777,0.4060508,-0.1295615,0.877541,29.39117,48.81576,356.7767,0.196403,-0.01738426,-0.980369,0.0,0.0,0.0,1.029827,-0.5300646,-2.485317,0.1046297,-0.02885169,0.8758053,0.6366732,-0.04899047,-0.769576,0.4057916,0.8699111,0.2803352,0.6557289,-0.4907694,0.573729,static,40.7727,-41.25845,6.81266,-1.886815
4252,05/05/2023 15:40:47.313997,4459,True,True,True,True,Eyes,0.5516319,-0.0539729,-3.04512,0.5496336,-0.5520273,0.6270317,0.8697394,1.02967,-0.5340928,-2.499766,-0.01048212,-0.2685418,-0.9632109,0.0313035,-0.03850037,0.9197161,0.4175114,-0.04660453,-2.98552,0.2205525,0.4101484,-0.1291419,0.8754755,29.47945,49.42168,357.0236,0.1947438,-0.01739109,-0.9806997,0.0,0.0,0.0,1.029827,-0.5300646,-2.485317,0.1008461,-0.02852038,0.8775169,0.6302013,-0.04520253,-0.7751148,0.4070396,0.8693579,0.280242,0.6611846,-0.4921113,0.5662698,static,41.23665,-41.3601,6.555791,-1.861528
4253,05/05/2023 15:40:47.324164,4460,True,True,True,True,Eyes,0.5461715,-0.05385331,-3.042286,0.5551233,-0.5510121,0.6230761,0.8704773,1.029394,-0.5334969,-2.499913,-0.02888946,-0.2288268,-0.9730384,0.02766714,-0.03727561,0.9197451,0.4136611,-0.04711442,-2.981982,0.2206407,0.414559,-0.1289314,0.8734044,29.49295,50.04946,357.2157,0.1930945,-0.01739599,-0.9810257,0.0,0.0,0.0,1.029827,-0.5300646,-2.485317,0.09467587,-0.02608126,0.8792926,0.6230351,-0.04228126,-0.7810503,0.4081556,0.8693888,0.2785178,0.6672603,-0.4923165,0.558917,static,41.69912,-41.48767,6.145519,-1.698989
4254,05/05/2023 15:40:47.344122,4461,True,True,True,True,Eyes,0.5408155,-0.0536984,-3.039389,0.5602701,-0.5504468,0.6189554,0.8715929,1.029143,-0.533464,-2.499912,-0.04560696,-0.2266123,-0.9729167,0.02555355,-0.02991223,0.9214146,0.4094728,-0.0465658,-2.978965,0.223927,0.4176664,-0.1307277,0.8708168,29.94708,50.52831,357.3126,0.1914551,-0.01739865,-0.9813469,0.0,0.0,0.0,1.029827,-0.5300646,-2.485317,0.09033167,-0.02072227,0.8822584,0.6169301,-0.04062625,-0.7859687,0.4147333,0.865534,0.2807975,0.6688748,-0.4991998,0.550823,static,42.15097,-41.6472,5.845964,-1.345502
4255,05/05/2023 15:40:47.364000,4462,True,True,True,True,Eyes,0.5355648,-0.05353269,-3.036419,0.5655383,-0.5498009,0.6147239,0.8727264,1.029125,-0.5333584,-2.499934,-0.04681191,-0.2195987,-0.9744666,0.02153647,-0.0238917,0.9217899,0.4067559,-0.04551582,-2.974694,0.2262833,0.4223597,-0.1342097,0.8674076,30.39306,51.17242,357.2302,0.1898279,-0.01739816,-0.981663,0.0,0.0,0.0,1.029827,-0.5300646,-2.485317,0.08644459,-0.008428216,0.8850438,0.6072001,-0.0416831,-0.7934549,0.423975,0.8615672,0.2791903,0.6719772,-0.5059294,0.5408163,static,42.61367,-41.80902,5.578537,-0.5456076
4256,05/05/2023 15:40:47.381107,4463,True,True,True,True,Eyes,0.5303717,-0.05337597,-3.033353,0.5707927,-0.5491025,0.6104769,0.8736879,1.029066,-0.5331203,-2.499986,-0.05070107,-0.2036704,-0.9777258,0.01754653,-0.02777651,0.9212301,0.4039604,-0.04511755,-2.969923,0.2232279,0.4282667,-0.1362201,0.8649862,30.18908,51.88601,357.052,0.1882147,-0.01739452,-0.9819736,0.0,0.0,0.0,1.029827,-0.5300646,-2.485317,0.08103782,-0.009703159,0.8866141,0.5960634,-0.04445479,-0.8017057,0.4268591,0.8632268,0.269501,0.6800733,-0.5028551,0.5335138,static,43.0759,-41.97027,5.222407,-0.6270235
4257,05/05/2023 15:40:47.395337,4464,True,True,True,True,Eyes,0.5252477,-0.05325143,-3.030229,0.5761129,-0.5484276,0.6060702,0.8748558,1.029263,-0.5330466,-2.500005,-0.03758032,-0.1988267,-0.9793139,0.013917,-0.03237337,0.921058,0.4007791,-0.04525845,-2.965472,0.219399,0.4341889,-0.1380637,0.8627182,29.89754,52.5881,356.8459,0.1866164,-0.01738835,-0.9822788,0.0,0.0,0.0,1.029827,-0.5300646,-2.485317,0.07373011,-0.02060935,0.8877196,0.5848368,-0.04769897,-0.8097474,0.4287414,0.865605,0.2586675,0.6885831,-0.4984505,0.5266882,static,43.5484,-42.14167,4.74784,-1.329943
4258,05/05/2023 15:40:47.413992,4465,True,True,True,True,Eyes,0.5201928,-0.05315493,-3.02701,0.5813636,-0.5477102,0.6016892,0.8757963,1.029349,-0.5328375,-2.500053,-0.03188037,-0.1848339,-0.9822525,0.009927452,-0.03224218,0.9208229,0.3972349,-0.04591531,-2.960913,0.2174886,0.4400781,-0.1408293,0.8597658,29.86316,53.31737,356.646,0.1850335,-0.01738098,-0.9825783,0.0,0.0,0.0,1.029827,-0.5300646,-2.485317,0.07059881,-0.01391649,0.8917097,0.5729967,-0.05073643,-0.8179858,0.4335842,0.8657317,0.2500267,0.6954706,-0.4979302,0.51806,static,44.01572,-42.31121,4.526803,-0.8941156
4259,05/05/2023 15:40:47.423928,4466,True,True,True,True,Eyes,0.515213,-0.05308962,-3.023707,0.5866681,-0.5470393,0.5971336,0.8769336,1.029682,-0.5328068,-2.500061,-0.00968181,-0.1828495,-0.9830932,0.005708337,-0.03274682,0.9203825,0.3941505,-0.04652308,-2.955952,0.2158061,0.445971,-0.1428329,0.8568177,29.81568,54.07379,356.5457,0.1834666,-0.01737347,-0.9828721,0.0,0.0,0.0,1.029827,-0.5300646,-2.485317,0.06421471,-0.001307726,0.8936394,0.5614173,-0.05227703,-0.8258801,0.43725,0.866053,0.2424142,0.7025833,-0.4972116,0.5090752,static,44.49348,-42.49307,4.110068,-0.08384492
4260,05/05/2023 15:40:47.443885,4467,True,True,True,True,Eyes,0.5102707,-0.05303981,-3.02028,0.5918161,-0.5464883,0.5925404,0.8779415,1.02985,-0.5328245,-2.500064,0.001565305,-0.183963,-0.9829319,0.002026111,-0.03243932,0.9197716,0.390894,-0.04720597,-2.950559,0.2148282,0.4515162,-0.1444504,0.853883,29.82283,54.8105,356.5181,0.1819166,-0.0173669,-0.9831604,0.0,0.0,0.0,1.029827,-0.5300646,-2.485317,0.05610594,-0.00476405,0.8951244,0.5505344,-0.05269058,-0.8331481,0.4406842,0.8659659,0.2364329,0.70902,-0.4973196,0.4999639,static,44.96496,-42.68473,3.586578,-0.304938
4261,05/05/2023 15:40:47.464913,4468,True,True,True,True,Eyes,0.5053969,-0.05302001,-3.016775,0.5969608,-0.5460515,0.5877632,0.879221,1.030257,-0.53312,-2.500001,0.02868124,-0.2036368,-0.9786263,-0.001434654,-0.02989939,0.9199051,0.3875043,-0.04755891,-2.94522,0.2153205,0.4566344,-0.1461259,0.8507465,29.98799,55.52707,356.5589,0.1803837,-0.01736172,-0.9834428,0.0,0.0,0.0,1.029827,-0.5300646,-2.485317,0.05033815,-0.003813118,0.8986216,0.5402645,-0.05198671,-0.8398879,0.4452777,0.8645687,0.232914,0.7140324,-0.4998185,0.4902443,static,45.44481,-42.89311,3.206191,-0.2431215
4262,05/05/2023 15:40:47.474138,4469,True,True,True,True,Eyes,0.500584,-0.05300591,-3.01316,0.6019173,-0.5457153,0.5830012,0.8803394,1.030475,-0.5334206,-2.499921,0.04323023,-0.2237576,-0.9736856,-0.004757196,-0.02759439,0.9196591,0.3842009,-0.04823447,-2.939785,0.2159629,0.4614599,-0.147066,0.8478127,30.12726,56.22532,356.6825,0.1788678,-0.01735882,-0.9837197,0.0,0.0,0.0,1.029827,-0.5300646,-2.485317,0.04413998,0.001909703,0.9011539,0.5308527,-0.0500523,-0.8459848,0.4486853,0.8634632,0.2304621,0.7189416,-0.5019224,0.4808295,static,45.9146,-43.10799,2.804199,0.1214196
4263,05/05/2023 15:40:47.494091,4470,True,True,True,True,Eyes,0.4958639,-0.05300653,-3.009445,0.6068899,-0.5454223,0.5780996,0.8816061,1.030902,-0.5338542,-2.499789,0.07165414,-0.2526733,-0.9648948,-0.007311791,-0.02684435,0.9196458,0.3811668,-0.0483459,-2.934126,0.2164945,0.4658653,-0.147182,0.8452438,30.20632,56.88042,356.8762,0.1773695,-0.01735823,-0.9839911,0.0,0.0,0.0,1.029827,-0.5300646,-2.485317,0.04145429,0.0009656549,0.9035742,0.5226139,-0.04709475,-0.8512678,0.4505239,0.8629352,0.2288473,0.7238114,-0.5031152,0.4721992,static,46.39177,-43.33404,2.626781,0.0612323
4264,05/05/2023 15:40:47.514270,4471,True,True,True,True,Eyes,0.491223,-0.0530188,-3.005628,0.6117061,-0.544995,0.5734074,0.8821041,1.030812,-0.5337611,-2.499823,0.06562287,-0.2464156,-0.96694,-0.009797305,-0.02669799,0.9182528,0.3785953,-0.04867927,-2.927966,0.2169171,0.4701874,-0.1467515,0.8428137,30.24129,57.53444,357.1214,0.1758897,-0.01736022,-0.9842566,0.0,0.0,0.0,1.029827,-0.5300646,-2.485317,0.03994831,-0.003573328,0.9054576,0.5147756,-0.04338494,-0.8562265,0.4513516,0.862822,0.2276399,0.728895,-0.5036427,0.4637415,static,46.85096,-43.54475,2.526222,-0.2261128
4265,05/05/2023 15:40:47.523999,4472,True,True,True,True,Eyes,0.4866587,-0.05304316,-3.001719,0.6164628,-0.5445715,0.5686963,0.8824528,1.030658,-0.5336019,-2.499871,0.05539073,-0.235808,-0.9702199,-0.01052061,-0.02932739,0.9168872,0.3758788,-0.04895934,-2.921817,0.2161197,0.4738329,-0.1453887,0.8412115,30.09166,58.07414,357.3637,0.1744296,-0.017365,-0.9845163,0.0,0.0,0.0,1.029827,-0.5300646,-2.485317,0.03914455,-0.005802721,0.9073794,0.508689,-0.03979605,-0.8600302,0.4494146,0.8643087,0.2258249,0.7343446,-0.5013847,0.4575493,static,47.30799,-43.75858,2.470221,-0.3664034
4266,05/05/2023 15:40:47.544107,4473,True,True,True,True,Eyes,0.4821678,-0.05308079,-2.997705,0.6209034,-0.5440781,0.5643209,0.8818575,1.029716,-0.5328801,-2.500054,-0.007397249,-0.1876645,-0.9822053,-0.009697974,-0.02958572,0.9147695,0.3731022,-0.04926755,-2.915686,0.2160149,0.4765542,-0.1451205,0.8397461,30.07354,58.47625,357.4937,0.1729898,-0.01737271,-0.9847702,0.0,0.0,0.0,1.029827,-0.5300646,-2.485317,0.03693369,-0.004035473,0.9092997,0.5036722,-0.03784321,-0.8630655,0.4496145,0.8645552,0.2244797,0.7376727,-0.501111,0.4524673,static,47.73322,-43.95372,2.325946,-0.254277
4267,05/05/2023 15:40:47.563972,4474,True,True,True,True,Eyes,0.4777558,-0.05311876,-2.993603,0.6252137,-0.5436592,0.5599486,0.8812981,1.028755,-0.5322446,-2.500121,-0.07143835,-0.1453162,-0.9868028,-0.008495569,-0.03026456,0.9125636,0.3705659,-0.04962466,-2.909541,0.2154243,0.4791871,-0.1453713,0.8383552,30.0347,58.84049,357.5314,0.1715707,-0.01738358,-0.9850183,0.0,0.0,0.0,1.029827,-0.5300646,-2.485317,0.03603527,-0.00124979,0.911895,0.4984938,-0.03728851,-0.866091,0.4502028,0.8649191,0.2218841,0.7408249,-0.5005243,0.4479442,static,48.15201,-44.15437,2.262975,-0.07852621
4268,05/05/2023 15:40:47.574525,4475,True,True,True,True,Eyes,0.4734507,-0.05315771,-2.989393,0.6292441,-0.5431557,0.555908,0.8802335,1.027332,-0.5312616,-2.500064,-0.1662606,-0.07977746,-0.9828494,-0.006490886,-0.02872777,0.9101651,0.3680121,-0.04965822,-2.903329,0.2157824,0.4811709,-0.1464593,0.8369363,30.14143,59.12158,357.5148,0.1701726,-0.01739735,-0.9852604,0.0,0.0,0.0,1.029827,-0.5300646,-2.485317,0.03915381,-0.0005839318,0.9141023,0.4940486,-0.0374978,-0.8686253,0.4528105,0.8639753,0.2202483,0.742212,-0.5021361,0.4438252,static,48.54089,-44.33523,2.452655,-0.03660075
4269,05/05/2023 15:40:47.593980,4476,True,True,True,True,Eyes,0.4692331,-0.05321518,-2.985078,0.6332278,-0.5425401,0.5519718,0.8791639,1.025944,-0.5301968,-2.499804,-0.2588886,-0.008818252,-0.9658669,-0.004442662,-0.03134009,0.9068986,0.3661948,-0.04973091,-2.896479,0.2141646,0.4835673,-0.146869,0.8358982,30.0054,59.4174,357.4579,0.1687976,-0.01741381,-0.9854967,0.0,0.0,0.0,1.029827,-0.5300646,-2.485317,0.04509124,-0.006197423,0.9158415,0.4891843,-0.03840913,-0.8713343,0.4526611,0.8651261,0.2159974,0.7455176,-0.5000816,0.4405924,static,48.922,-44.50628,2.818668,-0.3877098
4270,05/05/2023 15:40:47.603995,4477,True,True,True,True,Eyes,0.4651246,-0.05329654,-2.980679,0.6369565,-0.5417165,0.5484794,0.8778462,1.024274,-0.5288404,-2.499198,-0.3701777,0.0816149,-0.9253688,-0.001006722,-0.03420192,0.9034509,0.3640316,-0.05026846,-2.889637,0.2119348,0.4852721,-0.1471673,0.835426,29.79802,59.59525,357.3446,0.1674461,-0.01743338,-0.9857269,0.0,0.0,0.0,1.029827,-0.5300646,-2.485317,0.05159456,-0.01323296,0.917105,0.4857056,-0.04020268,-0.8731974,0.4515868,0.8668509,0.2112792,0.7484381,-0.4969439,0.4391893,static,49.26846,-44.64458,3.219956,-0.8266668
4271,05/05/2023 15:40:47.624051,4478,True,True,True,True,Eyes,0.4611405,-0.0533975,-2.976179,0.6406632,-0.5407914,0.5450646,0.8766909,1.022804,-0.5275044,-2.498326,-0.4680941,0.1706419,-0.8670464,0.002825916,-0.03791907,0.8998868,0.3623464,-0.05095819,-2.882958,0.20894,0.4867599,-0.1476948,0.8352216,29.5252,59.7146,357.1471,0.1661185,-0.01745659,-0.985951,0.0,0.0,0.0,1.029827,-0.5300646,-2.485317,0.05174932,-0.01728001,0.9180789,0.4825021,-0.04330846,-0.8748235,0.450123,0.8690606,0.2052387,0.7513861,-0.4928063,0.4388177,static,49.60947,-44.77453,3.226175,-1.07829
4272,05/05/2023 15:40:47.644443,4479,True,True,True,True,Eyes,0.457301,-0.05354203,-2.971577,0.6443338,-0.5397072,0.5418026,0.8756332,1.021501,-0.5261275,-2.497157,-0.5550767,0.2624741,-0.7893018,0.005305022,-0.04085851,0.8960665,0.3612981,-0.05157623,-2.876058,0.206021,0.4888952,-0.1490966,0.8344502,29.31519,59.9162,356.8849,0.1648176,-0.01748379,-0.9861689,0.0,0.0,0.0,1.029827,-0.5300646,-2.485317,0.04783028,-0.01902984,0.9195666,0.4775034,-0.04738201,-0.8773515,0.4502726,0.8706512,0.1980433,0.7544833,-0.4896137,0.4370737,static,49.94044,-44.88899,2.977496,-1.18553
4273,05/05/2023 15:40:47.664142,4480,True,True,True,True,Eyes,0.4535944,-0.0537406,-2.966877,0.6481564,-0.5384167,0.5385171,0.8747263,1.020554,-0.5247079,-2.495821,-0.6181892,0.3570938,-0.7002329,0.00506568,-0.04759237,0.8915348,0.3608348,-0.05284554,-2.868972,0.2012894,0.4926124,-0.1489743,0.8334401,28.83562,60.32965,356.7275,0.1635449,-0.0175161,-0.9863802,0.0,0.0,0.0,1.029827,-0.5300646,-2.485317,0.04202023,-0.01877102,0.9212679,0.4702795,-0.05000712,-0.8810996,0.4466376,0.8745785,0.188752,0.7611519,-0.4822984,0.4336314,static,50.27869,-44.99466,2.611526,-1.167252
4274,05/05/2023 15:40:47.683854,4481,True,True,True,True,Eyes,0.4500021,-0.05401088,-2.96211,0.6518847,-0.5372688,0.535153,0.8740245,1.019765,-0.5235969,-2.494373,-0.6706845,0.4311078,-0.6035962,0.004013509,-0.05345403,0.8873174,0.3602251,-0.05439859,-2.861885,0.197525,0.4963983,-0.1479243,0.8322807,28.40176,60.79945,356.7332,0.1623026,-0.01755486,-0.9865847,0.0,0.0,0.0,1.029827,-0.5300646,-2.485317,0.03665495,-0.02340166,0.9223539,0.4634143,-0.05012688,-0.8847229,0.4423313,0.8782046,0.1819338,0.767848,-0.4756512,0.4291452,static,50.61633,-45.11304,2.275774,-1.453378
4275,05/05/2023 15:40:47.693922,4482,True,True,True,True,Eyes,0.4465422,-0.05430486,-2.957254,0.6555339,-0.536287,0.5316687,0.8734703,1.019132,-0.5227356,-2.492857,-0.7131062,0.4886456,-0.5026977,0.002783686,-0.05304058,0.8840466,0.3590665,-0.05640635,-2.855087,0.1968513,0.4995999,-0.1477383,0.8305559,28.3341,61.25482,356.8272,0.161091,-0.01760189,-0.9867823,0.0,0.0,0.0,1.029827,-0.5300646,-2.485317,0.03188902,-0.02849565,0.9234651,0.4571466,-0.04871611,-0.8880562,0.4421036,0.8788459,0.1793718,0.7717262,-0.474612,0.423299,static,50.95633,-45.24777,1.977747,-1.767433
4276,05/05/2023 15:40:47.713938,4483,True,True,True,True,Eyes,0.4432262,-0.05462938,-2.952375,0.6591437,-0.5354723,0.5280141,0.8730132,1.018667,-0.5221038,-2.491412,-0.7438869,0.5306553,-0.4062477,0.001894355,-0.0499602,0.8810814,0.3587384,-0.05724551,-2.848069,0.1974519,0.50265,-0.1499136,0.8281798,28.53917,61.68299,356.7495,0.1599116,-0.01765724,-0.9869732,0.0,0.0,0.0,1.029827,-0.5300646,-2.485317,0.02648261,-0.03094105,0.924244,0.4497379,-0.04981254,-0.8917705,0.4468093,0.8770773,0.1763432,0.7733676,-0.4777595,0.4167116,static,51.30316,-45.40181,1.641262,-1.917383
4277,05/05/2023 15:40:47.723801,4484,True,True,True,True,Eyes,0.4400181,-0.05492623,-2.947425,0.6626642,-0.5349177,0.5241556,0.8726382,1.018284,-0.5217159,-2.490027,-0.7693266,0.5564365,-0.3138708,-0.0004765689,-0.0488528,0.8784018,0.3582863,-0.05817223,-2.841461,0.196495,0.506825,-0.152563,0.8253744,28.62071,62.22673,356.5604,0.1587653,-0.01772115,-0.9871571,0.0,0.0,0.0,1.029827,-0.5300646,-2.485317,0.02280498,-0.0314918,0.9253412,0.4397061,-0.05266608,-0.8965963,0.4510202,0.8762285,0.1697184,0.7766849,-0.4790092,0.4090364,static,51.65664,-45.58221,1.411765,-1.949174
4278,05/05/2023 15:40:47.744352,4485,True,True,True,True,Eyes,0.4369604,-0.05516155,-2.942388,0.6659933,-0.534785,0.5200557,0.8722837,1.017896,-0.5216458,-2.488752,-0.7953821,0.5612113,-0.22893,-0.003053397,-0.04457992,0.8768414,0.3576277,-0.05776238,-2.834737,0.197724,0.510868,-0.1564534,0.8218524,29.00291,62.7954,356.3852,0.1576526,-0.01779192,-0.9873341,0.0,0.0,0.0,1.029827,-0.5300646,-2.485317,0.02002114,-0.03088525,0.9260195,0.4290724,-0.05514152,-0.9015855,0.459185,0.8728551,0.1651458,0.7778471,-0.484854,0.3998381,static,52.01472,-45.8,1.238579,-1.910261
4279,05/05/2023 15:40:47.763971,4486,True,True,True,True,Eyes,0.4340437,-0.05534037,-2.937231,0.6694814,-0.5344203,0.5159358,0.8719553,1.017802,-0.521331,-2.487358,-0.8016111,0.5821729,-0.1359937,-0.003823191,-0.0447016,0.8746201,0.3578435,-0.05643718,-2.826919,0.1974841,0.5145649,-0.159104,0.8190903,29.16021,63.29461,356.2309,0.1565756,-0.01786686,-0.9875041,0.0,0.0,0.0,1.029827,-0.5300646,-2.485317,0.0163925,-0.03004973,0.9265019,0.4198177,-0.05740427,-0.9057915,0.463878,0.8713719,0.159776,0.7801093,-0.4872534,0.3924458,static,52.38036,-46.0082,1.013622,-1.857653
4280,05/05/2023 15:40:47.774722,4487,True,True,True,True,Eyes,0.4312136,-0.05550779,-2.932015,0.673003,-0.5340846,0.5116842,0.8716757,1.017854,-0.5210563,-2.485992,-0.7982822,0.6006013,-0.04498529,-0.003817618,-0.05336332,0.8717427,0.3582359,-0.05531751,-2.818842,0.1935083,0.5186402,-0.1586478,0.817556,28.74878,63.79641,356.162,0.1555354,-0.01794376,-0.9876671,0.0,0.0,0.0,1.029827,-0.5300646,-2.485317,0.01436675,-0.02258816,0.9282141,0.4116864,-0.05868452,-0.9094341,0.4601294,0.8747708,0.1518455,0.7866354,-0.4809701,0.3871337,static,52.75427,-46.22709,0.886744,-1.394022
4281,05/05/2023 15:40:47.794365,4488,True,True,True,True,Eyes,0.4284738,-0.05560664,-2.926768,0.6763113,-0.5339572,0.5074373,0.8715543,1.017916,-0.5209795,-2.484508,-0.7939568,0.6055769,0.05393748,-0.002299666,-0.0595554,0.8700477,0.3573439,-0.05521908,-2.811994,0.190863,0.5210554,-0.1569179,0.8169758,28.38453,64.11035,356.2529,0.1545309,-0.01802212,-0.9878232,0.0,0.0,0.0,1.029827,-0.5300646,-2.485317,0.01022807,-0.01667546,0.9285001,0.4077561,-0.05749581,-0.9112788,0.4552966,0.8778962,0.1483351,0.7914795,-0.4753867,0.3841452,static,53.11905,-46.45877,0.631127,-1.028897
4282,05/05/2023 15:40:47.814052,4489,True,True,True,True,Eyes,0.4258976,-0.05558396,-2.921491,0.679433,-0.5341306,0.5030661,0.8715032,1.018026,-0.5210805,-2.483067,-0.786676,0.5988673,0.1499959,-0.0005123615,-0.05639099,0.8699651,0.3567786,-0.05362479,-2.805956,0.1934519,0.5219128,-0.1581521,0.8155804,28.72684,64.29405,356.3359,0.1535622,-0.01809948,-0.9879729,0.0,0.0,0.0,1.029827,-0.5300646,-2.485317,0.006103903,-0.02086079,0.9280369,0.4051899,-0.05604154,-0.9125134,0.4599015,0.8751286,0.1504679,0.790134,-0.4806343,0.3803669,static,53.483,-46.71552,0.3768415,-1.287701
4283,05/05/2023 15:40:47.824057,4490,True,True,True,True,Eyes,0.4234789,-0.05547397,-2.916159,0.6827272,-0.5339868,0.4987401,0.8705683,1.01784,-0.520346,-2.481972,-0.8496058,0.4817325,0.2147179,0.0002625585,-0.05611718,0.8682105,0.3578518,-0.05059543,-2.799287,0.1945263,0.523911,-0.1604174,0.8135991,28.98768,64.58883,356.2505,0.1526303,-0.01817191,-0.988116,0.0,0.0,0.0,1.029827,-0.5300646,-2.485317,0.002211034,-0.02575123,0.9276956,0.3995672,-0.05720191,-0.9149176,0.4648598,0.8728515,0.148444,0.790096,-0.4846217,0.3753536,static,53.85144,-46.95473,0.1365563,-1.590024
4284,05/05/2023 15:40:47.843872,4491,True,True,True,True,Eyes,0.4211618,-0.05533677,-2.91082,0.6860251,-0.5337205,0.4944815,0.8708161,1.018564,-0.5201092,-2.480217,-0.8014662,0.4975932,0.3317421,-2.354383e-06,-0.06706306,0.8662444,0.3591391,-0.04846312,-2.792605,0.189445,0.5276504,-0.159885,0.8124854,28.46158,65.01064,356.094,0.1517361,-0.01823702,-0.9882525,0.0,0.0,0.0,1.029827,-0.5300646,-2.485317,-0.001992732,-0.02594984,0.9274087,0.3920437,-0.05988688,-0.9179953,0.4597299,0.8770947,0.1391159,0.7968377,-0.4765694,0.3713912,static,54.21624,-47.1855,-0.1231118,-1.602776
4285,05/05/2023 15:40:47.864773,4492,True,True,True,True,Eyes,0.4189082,-0.05516966,-2.905451,0.6891832,-0.5335349,0.4902722,0.8704038,1.018776,-0.5195605,-2.478716,-0.8767954,0.2394515,0.4170047,0.0005408227,-0.07556868,0.8643165,0.3588607,-0.04766011,-2.786247,0.1843654,0.5311859,-0.1597745,0.8113711,27.96404,65.39819,355.8832,0.1508805,-0.01829451,-0.9883825,0.0,0.0,0.0,1.029827,-0.5300646,-2.485317,-0.006529689,-0.02673447,0.9266264,0.3846274,-0.06340823,-0.9208915,0.4551373,0.8809631,0.1294376,0.8030642,-0.4689173,0.3677019,static,54.57265,-47.41969,-0.4037414,-1.652605
4286,05/05/2023 15:40:47.874360,4493,True,True,True,True,Eyes,0.4167751,-0.05496311,-2.900055,0.692142,-0.5336657,0.4859429,0.871991,1.020317,-0.5203147,-2.476317,-0.8216957,0.03234084,0.5690081,0.002699554,-0.07445396,0.865744,0.3581297,-0.04675796,-2.780152,0.1836543,0.5329512,-0.1629885,0.8097339,28.1091,65.59367,355.5657,0.1500612,-0.01834416,-0.9885063,0.0,0.0,0.0,1.029827,-0.5300646,-2.485317,-0.01041856,-0.02657297,0.9257555,0.3787955,-0.06819706,-0.9229643,0.4597121,0.8794117,0.1236923,0.8032302,-0.4711519,0.3644682,static,54.92786,-47.67977,-0.6447864,-1.644172
4287,05/05/2023 15:40:47.894412,4494,True,True,True,True,Eyes,0.4147439,-0.05473879,-2.894622,0.6951754,-0.533582,0.481686,0.0,0.0,0.0,0.0,0.0,0.0,0.0,-2.702923,0.195824,0.6927117,0.3587401,-0.04553903,-2.773665,0.1820344,0.5349059,-0.1664302,0.8081092,28.18086,65.78951,355.1683,0.1492784,-0.01838542,-0.9886241,0.0,0.0,0.0,1.029827,-0.5300646,-2.485317,-0.01415879,-0.02402931,0.9252694,0.3723536,-0.0742451,-0.9251165,0.4637301,0.8783289,0.1161583,0.8039323,-0.4722563,0.3614786,static,55.28197,-47.92616,-0.876691,-1.487641
4288,05/05/2023 15:40:47.914018,4495,True,True,True,True,Eyes,0.4127836,-0.05450517,-2.889174,0.6981047,-0.5336457,0.4773594,0.0,0.0,0.0,0.0,0.0,0.0,0.0,-2.701981,0.1627123,0.6796329,0.3591163,-0.04493288,-2.767326,0.1771506,0.5381197,-0.1684446,0.8066421,27.84498,66.11008,354.7379,0.1485318,-0.01841853,-0.9887359,0.0,0.0,0.0,1.029827,-0.5300646,-2.485317,-0.01762372,-0.02162197,0.9245303,0.3641074,-0.08109248,-0.92782,0.4624054,0.8804882,0.1045076,0.8084598,-0.4670809,0.3580898,static,55.63594,-48.18658,-1.09206,-1.339731
4289,05/05/2023 15:40:47.923835,4496,True,True,True,True,Eyes,0.4109045,-0.0542448,-2.883674,0.7009229,-0.5338558,0.4729747,0.0,0.0,0.0,0.0,0.0,0.0,0.0,-2.700844,0.1323704,0.6649133,0.3587192,-0.04441646,-2.761075,0.173914,0.5412051,-0.1716123,0.8046119,27.75044,66.44242,354.2987,0.14782,-0.01844396,-0.9888421,0.0,0.0,0.0,1.029827,-0.5300646,-2.485317,-0.02037102,-0.0207465,0.9237947,0.3552926,-0.08791625,-0.9306116,0.4644087,0.8806064,0.09411161,0.8112285,-0.4656213,0.353702,static,55.98898,-48.46035,-1.263251,-1.286527
4290,05/05/2023 15:40:47.944061,4497,True,True,True,True,Eyes,0.40912,-0.05397113,-2.878101,0.7037376,-0.5342291,0.4683512,0.0,0.0,0.0,0.0,0.0,0.0,0.0,-2.699919,0.1071443,0.644823,0.3587903,-0.04347698,-2.75431,0.1734385,0.5443256,-0.1760553,0.8016442,28.01708,66.83652,353.9233,0.1471432,-0.01846156,-0.9889427,0.0,0.0,0.0,1.029827,-0.5300646,-2.485317,-0.02288446,-0.0206508,0.9224002,0.3454284,-0.09345338,-0.9337804,0.4710815,0.8778473,0.08640917,0.8116413,-0.4697348,0.3472575,static,56.35545,-48.75941,-1.421199,-1.28253
4291,05/05/2023 15:40:47.964488,4498,True,True,True,True,Eyes,0.4073968,-0.0536994,-2.872473,0.706621,-0.5345006,0.4636765,0.0,0.0,0.0,0.0,0.0,0.0,0.0,-2.698338,0.08579726,0.623481,0.3593357,-0.04286333,-2.747028,0.1713735,0.547896,-0.1776838,0.7992932,27.94735,67.30133,353.7446,0.1465007,-0.01847168,-0.9890378,0.0,0.0,0.0,1.029827,-0.5300646,-2.485317,-0.02360064,-0.02335694,0.9211625,0.336477,-0.0962532,-0.9367596,0.4718327,0.8781191,0.07925092,0.8149583,-0.4686599,0.3408823,static,56.72758,-49.05853,-1.467625,-1.452477
4292,05/05/2023 15:40:47.979160,4499,True,True,True,True,Eyes,0.4057041,-0.05343922,-2.86678,0.7093718,-0.5352148,0.4586248,0.0,0.0,0.0,0.0,0.0,0.0,0.0,-2.69622,0.07574244,0.6026343,0.3590482,-0.04265925,-2.740032,0.1698385,0.5512692,-0.17718,0.7974111,27.78856,67.78263,353.8148,0.1458916,-0.01847515,-0.9891279,0.0,0.0,0.0,1.029827,-0.5300646,-2.485317,-0.02246717,-0.02379364,0.9201083,0.3294191,-0.0953171,-0.9393603,0.469824,0.8795244,0.07551447,0.8189924,-0.4662099,0.3345144,static,57.11642,-49.40678,-1.398768,-1.481316
4293,05/05/2023 15:40:47.994331,4500,True,True,True,True,Eyes,0.4040835,-0.05316649,-2.861062,0.7119959,-0.536102,0.4534937,0.0,0.0,0.0,0.0,0.0,0.0,0.0,-2.693598,0.0807737,0.5829344,0.3583725,-0.04267584,-2.733414,0.1717636,0.5535781,-0.1767125,0.7955008,27.96451,68.19365,354.0876,0.145313,-0.01847304,-0.989213,0.0,0.0,0.0,1.029827,-0.5300646,-2.485317,-0.02086404,-0.02461189,0.9188977,0.324648,-0.09098069,-0.9414491,0.471319,0.8785399,0.07762787,0.820038,-0.4689245,0.3280972,static,57.5056,-49.77181,-1.300706,-1.534252
4294,05/05/2023 15:40:48.013998,4501,True,True,True,True,Eyes,0.4025545,-0.05284677,-2.8553,0.7143752,-0.5375085,0.4480543,0.0,0.0,0.0,0.0,0.0,0.0,0.0,-2.691206,0.08902391,0.5625554,0.3584827,-0.04205639,-2.727032,0.1750637,0.5555826,-0.1766158,0.7934025,28.29695,68.59396,354.4125,0.1447653,-0.01846548,-0.9892934,0.0,0.0,0.0,1.029827,-0.5300646,-2.485317,-0.01811227,-0.02331606,0.9179605,0.3202697,-0.08573022,-0.9434394,0.4747796,0.8763191,0.08154263,0.8197633,-0.4740414,0.3213614,static,57.90417,-50.18622,-1.130356,-1.454991
4295,05/05/2023 15:40:48.023804,4502,True,True,True,True,Eyes,0.4010763,-0.05251767,-2.849508,0.7168236,-0.5389016,0.4424352,0.0,0.0,0.0,0.0,0.0,0.0,0.0,-2.690096,0.09003443,0.5346336,0.359244,-0.04053038,-2.720268,0.1782382,0.5587899,-0.1774243,0.7902567,28.68499,69.16893,354.6874,0.1442475,-0.01845136,-0.9893694,0.0,0.0,0.0,1.029827,-0.5300646,-2.485317,-0.01517102,-0.02633889,0.9161102,0.312549,-0.08122604,-0.9464225,0.4796169,0.8735035,0.0834221,0.8199273,-0.4799936,0.31197,static,58.31644,-50.6142,-0.9487461,-1.646845
4296,05/05/2023 15:40:48.043778,4503,True,True,True,True,Eyes,0.3996075,-0.05214133,-2.843669,0.7190987,-0.5406187,0.4366102,0.0,0.0,0.0,0.0,0.0,0.0,0.0,-2.689033,0.09485899,0.5045402,0.3589495,-0.03996604,-2.713672,0.1796775,0.562815,-0.17553,0.7874927,28.72272,69.86267,355.1459,0.1437599,-0.01843106,-0.9894407,0.0,0.0,0.0,1.029827,-0.5300646,-2.485317,-0.01038092,-0.02982301,0.9143112,0.3048572,-0.07420689,-0.9495027,0.4787075,0.8738105,0.08540752,0.8233476,-0.4805711,0.3019108,static,58.73542,-51.07524,-0.650498,-1.868212
4297,05/05/2023 15:40:48.062973,4504,True,True,True,True,Eyes,0.3982171,-0.05170436,-2.8378,0.7213191,-0.5423649,0.4307426,0.0,0.0,0.0,0.0,0.0,0.0,0.0,-2.685638,0.1047599,0.4851124,0.3579518,-0.03842946,-2.707278,0.1832157,0.5647877,-0.1750571,0.7853674,29.04678,70.28628,355.538,0.1432986,-0.01840349,-0.9895082,0.0,0.0,0.0,1.029827,-0.5300646,-2.485317,-0.005054861,-0.03431293,0.9121339,0.3007399,-0.06801242,-0.9512779,0.4819241,0.871574,0.09004297,0.8229852,-0.4855233,0.2948939,static,59.15606,-51.54363,-0.3175184,-2.154355
4298,05/05/2023 15:40:48.074212,4505,True,True,True,True,Eyes,0.3968834,-0.05124116,-2.831886,0.723645,-0.5439587,0.4247905,0.0,0.0,0.0,0.0,0.0,0.0,0.0,-2.682786,0.100192,0.4644172,0.3584255,-0.0365135,-2.700604,0.1844094,0.5674773,-0.175521,0.7830422,29.20981,70.73898,355.6908,0.1428629,-0.01836715,-0.9895709,0.0,0.0,0.0,1.029827,-0.5300646,-2.485317,-0.0009199977,-0.03819263,0.9094508,0.2943237,-0.06558445,-0.9534528,0.484177,0.8703711,0.08959223,0.8239819,-0.4880091,0.2879253,static,59.58643,-52.01286,-0.05796022,-2.404739
4299,05/05/2023 15:40:48.094084,4506,True,True,True,True,Eyes,0.3955971,-0.05079258,-2.825948,0.72606,-0.5453405,0.4188564,0.0,0.0,0.0,0.0,0.0,0.0,0.0,-2.679477,0.09094389,0.44634,0.3585449,-0.03545761,-2.693933,0.1826324,0.5705404,-0.1745068,0.7814579,28.98401,71.17547,355.7819,0.1424536,-0.01832207,-0.98963,0.0,0.0,0.0,1.029827,-0.5300646,-2.485317,0.0004394352,-0.04615271,0.9057315,0.288062,-0.06434113,-0.9554478,0.4811378,0.8723855,0.0863127,0.8279654,-0.4845655,0.2822581,static,60.0198,-52.47343,0.02779829,-2.917057
4300,05/05/2023 15:40:48.114158,4507,True,True,True,True,Eyes,0.3943316,-0.05035448,-2.820019,0.7284505,-0.5466545,0.4129513,0.0,0.0,0.0,0.0,0.0,0.0,0.0,-2.676105,0.08388774,0.427918,0.3583448,-0.03538902,-2.687383,0.1807872,0.573631,-0.1731388,0.7799273,28.72703,71.61871,355.9024,0.1420695,-0.01826959,-0.9896857,0.0,0.0,0.0,1.029827,-0.5300646,-2.485317,0.0009887516,-0.05303574,0.9020059,0.2819409,-0.06266102,-0.9573833,0.4774816,0.8746779,0.08336616,0.8321782,-0.4806373,0.276527,static,60.45153,-52.93203,0.06280588,-3.364977
4301,05/05/2023 15:40:48.123801,4508,True,True,True,True,Eyes,0.3931161,-0.04989937,-2.814086,0.7307793,-0.5479457,0.4070837,0.0,0.0,0.0,0.0,0.0,0.0,0.0,-2.672059,0.08066918,0.4135475,0.3574438,-0.03514729,-2.681124,0.1810169,0.5756735,-0.1732152,0.7783505,28.76511,71.94627,355.9946,0.141709,-0.01821076,-0.9897381,0.0,0.0,0.0,1.029827,-0.5300646,-2.485317,0.001334518,-0.05340072,0.8989705,0.2771931,-0.06123101,-0.9588613,0.4780576,0.8744587,0.08235838,0.8334417,-0.48122,0.2716658,static,60.87983,-53.39034,0.08505531,-3.399494
4302,05/05/2023 15:40:48.144048,4509,True,True,True,True,Eyes,0.3919619,-0.04941353,-2.808154,0.7332553,-0.5489805,0.4011946,0.0,0.0,0.0,0.0,0.0,0.0,0.0,-2.668482,0.07358338,0.3984215,0.3574141,-0.03427585,-2.675076,0.1810726,0.5778438,-0.1738329,0.7765896,28.82491,72.28243,356.0251,0.1413712,-0.01814556,-0.9897873,0.0,0.0,0.0,1.029827,-0.5300646,-2.485317,0.001874983,-0.05088144,0.896055,0.2717571,-0.06073026,-0.9604478,0.479257,0.8739897,0.0803416,0.8345423,-0.4821347,0.2666183,static,61.31509,-53.84069,0.1198905,-3.249984
4303,05/05/2023 15:40:48.164489,4510,True,True,True,True,Eyes,0.3908582,-0.04892305,-2.8022,0.7359101,-0.5497187,0.3952793,0.0,0.0,0.0,0.0,0.0,0.0,0.0,-2.665523,0.054939,0.3786356,0.3576051,-0.03304566,-2.668787,0.1782005,0.5815099,-0.1740238,0.7744718,28.58197,72.76513,355.9315,0.1410559,-0.01807349,-0.9898334,0.0,0.0,0.0,1.029827,-0.5300646,-2.485317,0.0008161068,-0.05016296,0.8932922,0.2631241,-0.06230241,-0.9627482,0.4768037,0.8759207,0.07362934,0.8387036,-0.4784155,0.2601819,static,61.75843,-54.2817,0.05234509,-3.214077
4304,05/05/2023 15:40:48.174850,4511,True,True,True,True,Eyes,0.3897781,-0.04845301,-2.796211,0.7387924,-0.5501069,0.3893177,0.0,0.0,0.0,0.0,0.0,0.0,0.0,-2.662591,0.03228024,0.3551157,0.3576485,-0.03250234,-2.662249,0.1736164,0.5861164,-0.1735079,0.7721528,28.13226,73.35171,355.8101,0.1407628,-0.01799502,-0.9898764,0.0,0.0,0.0,1.029827,-0.5300646,-2.485317,-0.0005660057,-0.04588234,0.8915773,0.252725,-0.06443042,-0.9653905,0.4714681,0.8795047,0.06472501,0.8448952,-0.4715084,0.2526497,static,62.21234,-54.71247,-0.03637344,-2.945956
4305,05/05/2023 15:40:48.193916,4512,True,True,True,True,Eyes,0.3887143,-0.0479975,-2.790191,0.7417271,-0.5503837,0.3832996,0.0,0.0,0.0,0.0,0.0,0.0,0.0,-2.659184,0.01184148,0.3294499,0.3571128,-0.03256299,-2.655437,0.1698953,0.5908223,-0.1734119,0.7694109,27.79761,73.97977,355.7151,0.1404905,-0.01791148,-0.9899166,0.0,0.0,0.0,1.029827,-0.5300646,-2.485317,-0.0001212358,-0.04640749,0.8890574,0.2417146,-0.0660941,-0.9680939,0.4676058,0.8821278,0.05652734,0.8502465,-0.4663498,0.2441292,static,62.6716,-55.14578,-0.007813109,-2.988044
4306,05/05/2023 15:40:48.214000,4513,True,True,True,True,Eyes,0.3876657,-0.04755794,-2.784099,0.7449219,-0.5504302,0.3769855,0.0,0.0,0.0,0.0,0.0,0.0,0.0,-2.655098,-0.001828849,0.3060236,0.356397,-0.0324781,-2.648609,0.1678277,0.5947817,-0.1733942,0.7668136,27.62279,74.54302,355.7099,0.1402376,-0.01782385,-0.9899541,0.0,0.0,0.0,1.029827,-0.5300646,-2.485317,0.00102675,-0.05563185,0.8857551,0.2323383,-0.06628045,-0.970374,0.4655637,0.8835366,0.0511216,0.8539726,-0.4636485,0.2361372,static,63.15722,-55.59306,0.0664161,-3.59387
4307,05/05/2023 15:40:48.223790,4514,True,True,True,True,Eyes,0.3866509,-0.04712775,-2.777978,0.748171,-0.5503538,0.3706088,0.0,0.0,0.0,0.0,0.0,0.0,0.0,-2.650835,-0.01359463,0.2821944,0.3559277,-0.03251933,-2.64178,0.1655501,0.5987839,-0.1727144,0.7643436,27.3814,75.11486,355.7524,0.1400031,-0.0177331,-0.9899889,0.0,0.0,0.0,1.029827,-0.5300646,-2.485317,0.003817052,-0.06222805,0.8834834,0.2232554,-0.06576886,-0.9725388,0.4622838,0.8855258,0.04623711,0.8581672,-0.4599115,0.2281022,static,63.64834,-56.04363,0.2475424,-4.028968
4609,05/05/2023 15:40:53.274479,4816,True,True,True,True,Eyes,1.798144,0.02386844,-1.969544,-0.7067916,0.1810813,-0.6838533,0.0,0.0,0.0,0.0,0.0,0.0,0.0,2.792413,0.2036733,0.2886951,1.991668,0.02669749,-1.988703,-0.0003990462,0.8980508,0.1205733,-0.4230449,347.5126,231.1089,353.9601,0.6589887,0.008139613,-0.7521083,0.0,0.0,0.0,1.24238,0.1690606,-2.450313,0.02686417,-0.02637081,0.726328,-0.6420661,-0.1027325,0.7597352,0.101299,0.9709238,0.2168994,-0.7599277,0.2162242,-0.6129906,static,45.94499,-14.83128,2.118192,-2.079326
4610,05/05/2023 15:40:53.294445,4817,True,True,True,True,Eyes,1.806358,0.02413035,-1.971158,-0.7135037,0.1793291,-0.6773134,0.0,0.0,0.0,0.0,0.0,0.0,0.0,2.796247,0.1909509,0.3198466,1.997961,0.02708901,-1.991275,0.0007737953,0.8959703,0.1190999,-0.4278456,347.6383,231.6913,354.0931,0.6605237,0.008220758,-0.7507597,0.0,0.0,0.0,1.24238,0.1690606,-2.450313,0.02912125,-0.03012703,0.7313451,-0.6338952,-0.1005262,0.7668583,0.1032994,0.9716293,0.2127579,-0.7664896,0.2140821,-0.6055268,static,46.49055,-14.82966,2.280242,-2.358909
4611,05/05/2023 15:40:53.314303,4818,True,True,True,True,Eyes,1.814475,0.02440972,-1.972843,-0.7201201,0.1776729,-0.6707156,0.0,0.0,0.0,0.0,0.0,0.0,0.0,2.799997,0.1793719,0.3491085,2.004085,0.02751148,-1.99422,0.001650405,0.8940325,0.1172499,-0.4323838,347.8145,232.2374,354.2198,0.6620423,0.008301318,-0.74942,0.0,0.0,0.0,1.24238,0.1690606,-2.450313,0.03136882,-0.03258815,0.7367998,-0.6260834,-0.09844287,0.7735174,0.1043449,0.9724995,0.2082232,-0.7727433,0.2110776,-0.5985938,static,47.03437,-14.8369,2.437862,-2.532503
4612,05/05/2023 15:40:53.324211,4819,True,True,True,True,Eyes,1.822472,0.02463651,-1.974592,-0.7266302,0.1761152,-0.6640722,0.0,0.0,0.0,0.0,0.0,0.0,0.0,2.803529,0.1674612,0.3763123,2.00983,0.02819629,-1.997302,0.002685446,0.8921789,0.1156624,-0.4366141,347.9522,232.7486,354.3544,0.6635418,0.008381977,-0.7480917,0.0,0.0,0.0,1.24238,0.1690606,-2.450313,0.03374493,-0.03627379,0.7421017,-0.6187218,-0.09620786,0.779697,0.1057915,0.97323,0.204038,-0.7784545,0.2087281,-0.5919806,static,47.5756,-14.8532,2.603567,-2.79838
4613,05/05/2023 15:40:53.344473,4820,True,True,True,True,Eyes,1.830337,0.02482368,-1.976364,-0.7329327,0.1743924,-0.6575688,0.0,0.0,0.0,0.0,0.0,0.0,0.0,2.8073,0.14909,0.4006898,2.015071,0.02722026,-2.000614,0.005484453,0.8903964,0.1146517,-0.4404763,347.9361,233.209,354.6467,0.66502,0.008460747,-0.7467771,0.0,0.0,0.0,1.24238,0.1690606,-2.450313,0.03632286,-0.04127181,0.7476481,-0.6119012,-0.09123606,0.7856546,0.1107694,0.9736497,0.1993394,-0.7831393,0.2090025,-0.5856714,static,48.10234,-14.85336,2.781404,-3.159645
4614,05/05/2023 15:40:53.364117,4821,True,True,True,True,Eyes,1.838087,0.02500567,-1.978194,-0.7391477,0.1723643,-0.6511154,0.0,0.0,0.0,0.0,0.0,0.0,0.0,2.81073,0.1396572,0.4218175,2.020476,0.02666649,-2.003648,0.005148268,0.8893584,0.1092366,-0.4439399,348.529,233.5706,354.8582,0.6664748,0.008536317,-0.7454783,0.0,0.0,0.0,1.24238,0.1690606,-2.450313,0.03896266,-0.04182523,0.7538363,-0.6057818,-0.08783162,0.790768,0.1061462,0.9760817,0.1897299,-0.7885186,0.198872,-0.5819696,static,48.62317,-14.82732,2.958748,-3.175695
4615,05/05/2023 15:40:53.374842,4822,True,True,True,True,Eyes,1.845711,0.02516308,-1.980074,-0.7452107,0.1702796,-0.6447216,0.0,0.0,0.0,0.0,0.0,0.0,0.0,2.813318,0.1420456,0.443193,2.025606,0.02680934,-2.006875,0.003027306,0.8882045,0.1052814,-0.4472131,349.0629,233.9478,354.8116,0.6679041,0.008608802,-0.7441972,0.0,0.0,0.0,1.24238,0.1690606,-2.450313,0.04157045,-0.04279264,0.7602578,-0.5999828,-0.08878872,0.7950708,0.09954419,0.9778133,0.1843152,-0.7937959,0.1897306,-0.5778328,static,49.13517,-14.79475,3.129783,-3.221609
4616,05/05/2023 15:40:53.394432,4823,True,True,True,True,Eyes,1.853228,0.02527521,-1.982037,-0.7511852,0.1679968,-0.6383556,0.0,0.0,0.0,0.0,0.0,0.0,0.0,2.815542,0.1484408,0.4663527,2.030728,0.02643895,-2.010533,0.001170235,0.8866639,0.1040881,-0.4505456,349.3017,234.3753,354.6442,0.6693067,0.008677606,-0.7429352,0.0,0.0,0.0,1.24238,0.1690606,-2.450313,0.0451594,-0.04593974,0.7666374,-0.5940144,-0.09171764,0.7992087,0.09586805,0.9783286,0.1835278,-0.7987215,0.1856368,-0.5723485,static,49.64219,-14.74428,3.371159,-3.429273
4617,05/05/2023 15:40:53.415679,4824,True,True,True,True,Eyes,1.860622,0.02534644,-1.98404,-0.7568738,0.1657706,-0.6321884,0.0,0.0,0.0,0.0,0.0,0.0,0.0,2.818033,0.154313,0.488162,2.035818,0.0255141,-2.014501,-0.0008798289,0.8853144,0.1015063,-0.4537778,349.6925,234.769,354.5362,0.6706806,0.008741404,-0.7416945,0.0,0.0,0.0,1.24238,0.1690606,-2.450313,0.04985046,-0.04148406,0.774186,-0.5881701,-0.09368046,0.8032933,0.09056475,0.9793914,0.1805284,-0.8036507,0.1789314,-0.5675645,static,50.12925,-14.69314,3.684235,-3.067209
4618,05/05/2023 15:40:53.424202,4825,True,True,True,True,Eyes,1.867913,0.02539334,-1.986111,-0.7624189,0.163476,-0.6260936,0.0,0.0,0.0,0.0,0.0,0.0,0.0,2.821641,0.1513002,0.5054049,2.04099,0.02475921,-2.01835,-0.001456921,0.8843259,0.09822532,-0.4564179,350.0728,235.0653,354.6268,0.6720248,0.008799203,-0.740476,0.0,0.0,0.0,1.24238,0.1690606,-2.450313,0.05425891,-0.04046605,0.7810076,-0.5833609,-0.09224036,0.8069581,0.0870868,0.9806993,0.1750563,-0.8075305,0.1723965,-0.5640688,static,50.60738,-14.63349,3.974122,-2.965992
4619,05/05/2023 15:40:53.444462,4826,True,True,True,True,Eyes,1.875078,0.02541769,-1.988239,-0.7675697,0.1615631,-0.6202694,0.0,0.0,0.0,0.0,0.0,0.0,0.0,2.825416,0.1459149,0.5202801,2.045897,0.02428344,-2.022047,-0.001278595,0.8834152,0.09597189,-0.458656,350.3056,235.3214,354.7441,0.6733387,0.008850718,-0.739281,0.0,0.0,0.0,1.24238,0.1690606,-2.450313,0.05769509,-0.04943826,0.7870331,-0.579266,-0.09029522,0.810122,0.0857771,0.9815755,0.1707389,-0.8106128,0.1683932,-0.5608481,static,51.05849,-14.59957,4.192687,-3.594368
4620,05/05/2023 15:40:53.463991,4827,True,True,True,True,Eyes,1.88212,0.02540578,-1.990447,-0.7726526,0.1597971,-0.6143882,0.0,0.0,0.0,0.0,0.0,0.0,0.0,2.828112,0.1429104,0.5387015,2.050356,0.02377632,-2.02591,-0.001029628,0.8820565,0.09548364,-0.4613656,350.3578,235.6659,354.7668,0.6746208,0.008895768,-0.7381105,0.0,0.0,0.0,1.24238,0.1690606,-2.450313,0.06185499,-0.05183216,0.7940003,-0.5742815,-0.08992212,0.8137045,0.08628936,0.9817636,0.169394,-0.8140977,0.1674938,-0.5560494,static,51.50943,-14.57912,4.454515,-3.734956
4621,05/05/2023 15:40:53.474155,4828,True,True,True,True,Eyes,1.889047,0.02536006,-1.992742,-0.7775964,0.1586037,-0.6084313,0.0,0.0,0.0,0.0,0.0,0.0,0.0,2.829746,0.1401428,0.5617893,2.054527,0.02287052,-2.030052,-0.0003934452,0.8801767,0.09641245,-0.464751,350.2497,236.1187,354.7425,0.6758702,0.008933688,-0.7369663,0.0,0.0,0.0,1.24238,0.1690606,-2.450313,0.06736639,-0.04453164,0.801854,-0.5680125,-0.09030817,0.8180501,0.08892296,0.981409,0.1700857,-0.8182019,0.1693542,-0.5494221,static,51.95855,-14.61051,4.80233,-3.178705
4622,05/05/2023 15:40:53.494187,4829,True,True,True,True,Eyes,1.895852,0.02528138,-1.995132,-0.7825233,0.1575377,-0.6023614,0.0,0.0,0.0,0.0,0.0,0.0,0.0,2.830603,0.1387099,0.5888431,2.058816,0.02193895,-2.034474,-9.607551e-05,0.8779703,0.09724143,-0.4687346,350.1738,236.6516,354.6817,0.6770855,0.008963971,-0.7358494,0.0,0.0,0.0,1.24238,0.1690606,-2.450313,0.07325622,-0.04934428,0.8082172,-0.5605757,-0.09132954,0.8230515,0.09099215,0.9810882,0.1708402,-0.8230889,0.1706601,-0.5416639,static,52.41208,-14.65648,5.179096,-3.493756
4623,05/05/2023 15:40:53.514352,4830,True,True,True,True,Eyes,1.902531,0.02516714,-1.997592,-0.7873824,0.1568714,-0.5961714,0.0,0.0,0.0,0.0,0.0,0.0,0.0,2.831134,0.1336578,0.6169994,2.062819,0.02104761,-2.039168,0.0008365089,0.8755978,0.0981273,-0.4729682,350.0591,237.216,354.6782,0.6782658,0.008986212,-0.7347614,0.0,0.0,0.0,1.24238,0.1690606,-2.450313,0.07917419,-0.0525039,0.8148693,-0.5526009,-0.0913573,0.828424,0.09428708,0.9807407,0.1710488,-0.8280956,0.1726314,-0.5333444,static,52.8686,-14.74214,5.549543,-3.686602
4624,05/05/2023 15:40:53.524567,4831,True,True,True,True,Eyes,1.90909,0.02500296,-2.000138,-0.792214,0.1563156,-0.5898833,0.0,0.0,0.0,0.0,0.0,0.0,0.0,2.831817,0.121684,0.644531,2.066891,0.02006785,-2.043763,0.003041084,0.8732139,0.09910935,-0.4771433,349.8638,237.7681,354.7971,0.6794104,0.00899996,-0.733703,0.0,0.0,0.0,1.24238,0.1690606,-2.450313,0.08567229,-0.0456024,0.8221098,-0.5446504,-0.08926768,0.833899,0.09988974,0.9803362,0.1701852,-0.8326935,0.1759894,-0.5250235,static,53.32859,-14.84192,5.949335,-3.174941
4625,05/05/2023 15:40:53.544254,4832,True,True,True,True,Eyes,1.915515,0.02480687,-2.002753,-0.79698,0.1559176,-0.5835345,0.0,0.0,0.0,0.0,0.0,0.0,0.0,2.832223,0.1073702,0.6715431,2.070674,0.01871633,-2.0484,0.005414067,0.8708987,0.09903219,-0.4813512,349.7638,238.3083,354.9918,0.6805188,0.009004289,-0.732675,0.0,0.0,0.0,1.24238,0.1690606,-2.450313,0.09193197,-0.04410246,0.8287525,-0.5365435,-0.08590832,0.8394884,0.1047687,0.9803267,0.1672819,-0.8373439,0.1777061,-0.5169875,static,53.78908,-14.95969,6.329835,-3.046149
4626,05/05/2023 15:40:53.564187,4833,True,True,True,True,Eyes,1.921807,0.02457372,-2.005449,-0.8017141,0.1556423,-0.5770876,0.0,0.0,0.0,0.0,0.0,0.0,0.0,2.832093,0.09517649,0.6977592,2.074113,0.01776054,-2.052905,0.007217865,0.8686598,0.09852536,-0.4854594,349.7364,238.8336,355.1543,0.68159,0.008999038,-0.7316787,0.0,0.0,0.0,1.24238,0.1690606,-2.450313,0.09688681,-0.04826767,0.8348941,-0.5285541,-0.08312039,0.8448204,0.1081999,0.9804813,0.1641621,-0.8419759,0.178178,-0.5092437,static,54.25301,-15.09371,6.619386,-3.308754
4627,05/05/2023 15:40:53.583948,4834,True,True,True,True,Eyes,1.927973,0.02429515,-2.008237,-0.8064348,0.1554662,-0.5705202,0.0,0.0,0.0,0.0,0.0,0.0,0.0,2.831497,0.08331248,0.7245166,2.077342,0.01663077,-2.057575,0.009249031,0.8662552,0.09900417,-0.4896066,349.5963,239.3801,355.2807,0.6826236,0.008983882,-0.7307146,0.0,0.0,0.0,1.24238,0.1690606,-2.450313,0.1007724,-0.04952435,0.8411267,-0.5203997,-0.08092216,0.85008,0.1129702,0.9802253,0.162469,-0.8464172,0.1805825,-0.5009671,static,54.72212,-15.24295,6.831837,-3.369604
4628,05/05/2023 15:40:53.594294,4835,True,True,True,True,Eyes,1.933998,0.02397391,-2.01109,-0.8111175,0.1552727,-0.5638961,0.0,0.0,0.0,0.0,0.0,0.0,0.0,2.830966,0.07158491,0.7488377,2.080295,0.01518264,-2.062133,0.01112802,0.8640938,0.09870432,-0.4934325,349.5393,239.8738,355.4403,0.6836184,0.008958244,-0.7297843,0.0,0.0,0.0,1.24238,0.1690606,-2.450313,0.1047664,-0.04954372,0.8470446,-0.5128011,-0.07817652,0.8549406,0.1166391,0.9802673,0.1595977,-0.8505471,0.1815614,-0.4935638,static,55.19263,-15.39527,7.050801,-3.347422
4629,05/05/2023 15:40:53.614069,4836,True,True,True,True,Eyes,1.939882,0.02362596,-2.014008,-0.8157104,0.155155,-0.5572641,0.0,0.0,0.0,0.0,0.0,0.0,0.0,2.829713,0.06481653,0.7736952,2.083046,0.01385884,-2.066593,-0.01197678,-0.8619409,-0.0979602,0.497311,349.5846,240.3753,355.5222,0.6845745,0.008921714,-0.728888,0.0,0.0,0.0,1.24238,0.1690606,-2.450313,0.1084428,-0.05083466,0.8526804,-0.5050767,-0.07678682,0.8596519,0.1180799,0.9805207,0.1569594,-0.8549589,0.1807842,-0.4861712,static,55.66051,-15.55841,7.247896,-3.411792
4630,05/05/2023 15:40:53.624220,4837,True,True,True,True,Eyes,1.945629,0.02323882,-2.01699,-0.8202832,0.1549879,-0.550558,0.0,0.0,0.0,0.0,0.0,0.0,0.0,2.827734,0.06088138,0.7993433,2.085584,0.01282137,-2.070967,-0.01236956,-0.859682,-0.09762049,0.5012627,349.6159,240.8972,355.5336,0.6854918,0.008874499,-0.728026,0.0,0.0,0.0,1.24238,0.1690606,-2.450313,0.1118826,-0.05245957,0.8578492,-0.4971658,-0.07659923,0.8642679,0.1191348,0.9806345,0.1554444,-0.8594378,0.180246,-0.4784122,static,56.13126,-15.72247,7.430703,-3.499419
4631,05/05/2023 15:40:53.644414,4838,True,True,True,True,Eyes,1.951237,0.02282194,-2.020025,-0.8247083,0.1548427,-0.5439484,0.0,0.0,0.0,0.0,0.0,0.0,0.0,2.825307,0.06080335,0.8260872,2.088167,0.01149962,-2.075548,-0.01210763,-0.8573473,-0.09722539,0.5053279,349.6915,241.4387,355.482,0.6863705,0.008816332,-0.7271984,0.0,0.0,0.0,1.24238,0.1690606,-2.450313,0.1154386,-0.05232175,0.8628205,-0.4889945,-0.07750051,0.8688373,0.1190223,0.9808013,0.1544752,-0.8641286,0.1789485,-0.470382,static,56.59258,-15.88977,7.620473,-3.470187
4632,05/05/2023 15:40:53.664011,4839,True,True,True,True,Eyes,1.956718,0.02238452,-2.023124,-0.8290808,0.1546189,-0.5373249,0.0,0.0,0.0,0.0,0.0,0.0,0.0,2.823453,0.06259882,0.8503394,2.090774,0.01038115,-2.08025,-0.01143062,-0.8552659,-0.0964216,0.5090115,349.83,241.9258,355.4194,0.6872107,0.008747318,-0.7264051,0.0,0.0,0.0,1.24238,0.1690606,-2.450313,0.1179327,-0.04893917,0.8679373,-0.4815534,-0.07860698,0.8728846,0.1177118,0.9811444,0.1532955,-0.8684759,0.1765688,-0.4632204,static,57.05285,-16.05354,7.73779,-3.22724
4633,05/05/2023 15:40:53.674633,4840,True,True,True,True,Eyes,1.962057,0.0219269,-2.026268,-0.8332365,0.1545881,-0.5308667,0.0,0.0,0.0,0.0,0.0,0.0,0.0,2.822091,0.06648809,0.8719821,2.093293,0.009454786,-2.084947,-0.01050997,-0.853385,-0.09602015,0.5122537,349.9416,242.3621,355.3142,0.6880121,0.008667948,-0.7256472,0.0,0.0,0.0,1.24238,0.1690606,-2.450313,0.1190143,-0.04434597,0.873174,-0.4749717,-0.08043525,0.8763176,0.1163115,0.9813393,0.1531168,-0.8722808,0.1746519,-0.4567529,static,57.49821,-16.23553,7.761628,-2.907388
4634,05/05/2023 15:40:53.695684,4841,True,True,True,True,Eyes,1.967271,0.02144177,-2.029484,-0.8373703,0.1545452,-0.5243346,0.0,0.0,0.0,0.0,0.0,0.0,0.0,2.820249,0.0733259,0.8943584,2.095633,0.008481643,-2.08981,-0.009531648,-0.851286,-0.09745108,0.5154848,349.878,242.8279,355.091,0.6887752,0.008578601,-0.724924,0.0,0.0,0.0,1.24238,0.1690606,-2.450313,0.1180983,-0.040093,0.8783189,-0.4683692,-0.08424078,0.8795077,0.1166974,0.9808249,0.1560906,-0.8757923,0.1757443,-0.4495576,static,57.94651,-16.42264,7.658028,-2.613591
4635,05/05/2023 15:40:53.714423,4842,True,True,True,True,Eyes,1.972362,0.02098052,-2.032763,-0.8413705,0.1545377,-0.5178936,0.0,0.0,0.0,0.0,0.0,0.0,0.0,2.81723,0.08246461,0.9198196,2.097973,0.007299641,-2.094782,-0.008067118,-0.8489315,-0.09860332,0.5191604,349.8753,243.3535,354.8313,0.6895003,0.008479367,-0.7242354,0.0,0.0,0.0,1.24238,0.1690606,-2.450313,0.1157662,-0.03780138,0.8831499,-0.4608147,-0.08868504,0.8830543,0.1160787,0.9804246,0.1590387,-0.8798725,0.1757912,-0.4414997,static,58.38622,-16.61492,7.46794,-2.45093
4636,05/05/2023 15:40:53.724215,4843,True,True,True,True,Eyes,1.977334,0.02058244,-2.036124,-0.8453602,0.1545731,-0.5113447,0.0,0.0,0.0,0.0,0.0,0.0,0.0,2.813682,0.09459746,0.946475,2.10037,0.007386201,-2.09999,-0.005673479,-0.8465179,-0.09901113,0.5230415,350.0049,243.9008,354.5247,0.6901874,0.008372201,-0.7235819,0.0,0.0,0.0,1.24238,0.1690606,-2.450313,0.1126706,-0.03777125,0.8874987,-0.4527913,-0.09396844,0.8866513,0.1131792,0.9803292,0.1616944,-0.8844044,0.1735643,-0.4332493,static,58.83093,-16.81941,7.235164,-2.436993
4637,05/05/2023 15:40:53.744177,4844,True,True,True,True,Eyes,1.982189,0.02022463,-2.039598,-0.8492451,0.1549645,-0.5047463,0.0,0.0,0.0,0.0,0.0,0.0,0.0,2.809947,0.101334,0.973428,2.10261,0.008449751,-2.105372,-0.004401769,-0.8438635,-0.1009471,0.5269579,349.9207,244.4753,354.2314,0.6908366,0.008260201,-0.7229634,0.0,0.0,0.0,1.24238,0.1690606,-2.450313,0.1101612,-0.03679276,0.8914951,-0.4445921,-0.09896078,0.8902497,0.1138187,0.9795806,0.1657321,-0.8884724,0.1750103,-0.4242502,static,59.27499,-17.06725,7.044275,-2.363304
4638,05/05/2023 15:40:53.754187,4845,True,True,True,True,Eyes,1.986927,0.01984653,-2.043161,-0.8531216,0.1554098,-0.4980273,0.0,0.0,0.0,0.0,0.0,0.0,0.0,2.805444,0.1017721,1.002574,2.104521,0.008881196,-2.111147,-0.004599169,-0.8407788,-0.1042933,0.5312182,349.615,245.1179,353.985,0.6914479,0.008145243,-0.72238,0.0,0.0,0.0,1.24238,0.1690606,-2.450313,0.1080749,-0.03652787,0.8950016,-0.4355723,-0.1030712,0.8942333,0.1185387,0.9782035,0.1704888,-0.8923147,0.1802615,-0.4138603,static,59.72488,-17.33058,6.885348,-2.337126
4639,05/05/2023 15:40:53.774441,4846,True,True,True,True,Eyes,1.991579,0.01955886,-2.046806,-0.8569026,0.1555346,-0.491454,0.0,0.0,0.0,0.0,0.0,0.0,0.0,2.801444,0.09626588,1.030366,2.106548,0.007995469,-2.11693,-0.005460837,-0.8379749,-0.1050745,0.5354697,349.5168,245.7116,353.9653,0.6920206,0.008027113,-0.7218328,0.0,0.0,0.0,1.24238,0.1690606,-2.450313,0.1065618,-0.03713052,0.8981461,-0.4264854,-0.1033763,0.8985679,0.1216805,0.9778591,0.1702513,-0.8962727,0.1819478,-0.4044636,static,60.16471,-17.56146,6.766307,-2.367334
4640,05/05/2023 15:40:53.794189,4847,True,True,True,True,Eyes,1.9961,0.01936538,-2.050545,-0.8606763,0.1559072,-0.484695,0.0,0.0,0.0,0.0,0.0,0.0,0.0,2.797401,0.108737,1.056921,2.109273,0.009949133,-2.122552,-0.001792188,-0.8358217,-0.1013427,0.5395632,350.1341,246.2238,353.8021,0.6925553,0.0079094,-0.7213211,0.0,0.0,0.0,1.24238,0.1690606,-2.450313,0.1056413,-0.02834949,0.9018073,-0.4177366,-0.1063657,0.9023205,0.1123575,0.9794529,0.1674749,-0.901594,0.1713429,-0.3972023,static,60.6137,-17.83092,6.681403,-1.800575
4641,05/05/2023 15:40:53.814527,4848,True,True,True,True,Eyes,2.000504,0.0191883,-2.054359,-0.8642813,0.1565957,-0.4780123,0.0,0.0,0.0,0.0,0.0,0.0,0.0,2.792156,0.09627035,1.086837,2.110754,0.01194363,-2.12866,-0.003770129,-0.8324695,-0.1042111,0.5441697,349.7695,246.9038,353.7498,0.6930521,0.007795319,-0.720845,0.0,0.0,0.0,1.24238,0.1690606,-2.450313,0.104728,-0.02060276,0.9049443,-0.4077304,-0.10714,0.906795,0.119694,0.9782516,0.1694019,-0.9052234,0.1776082,-0.386039,static,61.05413,-18.13868,6.601395,-1.304221
4642,05/05/2023 15:40:53.823955,4849,True,True,True,True,Eyes,2.004788,0.01903128,-2.058244,-0.8678403,0.1572211,-0.4713117,0.0,0.0,0.0,0.0,0.0,0.0,0.0,2.789222,0.06644243,1.111621,2.112612,0.0121606,-2.134619,-0.008768776,-0.8295768,-0.1057581,0.5482159,349.334,247.4699,354.0771,0.6935112,0.007685111,-0.7204044,0.0,0.0,0.0,1.24238,0.1690606,-2.450313,0.1037338,-0.01675837,0.9078538,-0.3987647,-0.1014078,0.9114292,0.1305053,0.9774767,0.1658546,-0.9077196,0.1850833,-0.3765489,static,61.49424,-18.44777,6.518499,-1.057521
4643,05/05/2023 15:40:53.844210,4850,True,True,True,True,Eyes,2.008944,0.01890292,-2.062175,-0.8711689,0.1579661,-0.464878,0.0,0.0,0.0,0.0,0.0,0.0,0.0,2.787055,0.0487245,1.131414,2.114095,0.01253999,-2.140231,-0.01100515,-0.8275371,-0.103722,0.5516368,349.4083,247.896,354.3825,0.6939335,0.00757909,-0.7199989,0.0,0.0,0.0,1.24238,0.1690606,-2.450313,0.1031443,-0.009945914,0.9106842,-0.3911516,-0.09621941,0.9152828,0.1326481,0.9782413,0.1595259,-0.9107169,0.1838093,-0.3698773,static,61.91448,-18.76782,6.461794,-0.6257232
4644,05/05/2023 15:40:53.864778,4851,True,True,True,True,Eyes,2.012975,0.01878182,-2.066168,-0.8744661,0.1586391,-0.4584133,0.0,0.0,0.0,0.0,0.0,0.0,0.0,2.785212,0.03645858,1.148979,2.115378,0.01311899,-2.145668,-0.01288773,-0.8255112,-0.1044301,0.5544904,349.2392,248.2984,354.4781,0.6943194,0.007477849,-0.7196279,0.0,0.0,0.0,1.24238,0.1690606,-2.450313,0.1039912,-0.003650039,0.9134362,-0.3847485,-0.09453304,0.9181677,0.1370889,0.9778566,0.1581242,-0.9127843,0.1867086,-0.3632695,static,62.33554,-19.08876,6.494943,-0.2289495
4645,05/05/2023 15:40:53.883917,4852,True,True,True,True,Eyes,2.016904,0.01875109,-2.070225,-0.8776469,0.1589396,-0.452188,0.0,0.0,0.0,0.0,0.0,0.0,0.0,2.781883,0.03992417,1.169206,2.116528,0.0131644,-2.151197,-0.01205598,-0.8234116,-0.1046536,0.5575803,349.2928,248.739,354.3433,0.6946679,0.007381579,-0.7192925,0.0,0.0,0.0,1.24238,0.1690606,-2.450313,0.1054296,6.457418e-05,0.9159132,-0.3779178,-0.09685151,0.9207594,0.1365596,0.9778045,0.1589016,-0.9157127,0.1857903,-0.3563038,static,62.74122,-19.36607,6.566344,0.004039496
4646,05/05/2023 15:40:53.894353,4853,True,True,True,True,Eyes,2.020701,0.01877947,-2.074355,-0.8807416,0.159512,-0.4459263,0.0,0.0,0.0,0.0,0.0,0.0,0.0,2.779685,0.05984047,1.186513,2.117153,0.01594684,-2.15765,-0.007906562,-0.8217328,-0.1039957,0.5602478,349.6435,249.1194,353.9586,0.6949818,0.007292171,-0.7189888,0.0,0.0,0.0,1.24238,0.1690606,-2.450313,0.1056028,0.001023702,0.918095,-0.3721195,-0.1035326,0.9223925,0.1295209,0.9782447,0.1620541,-0.9191035,0.1797727,-0.3506144,static,63.14655,-19.68261,6.561545,0.06388642
4647,05/05/2023 15:40:53.914259,4854,True,True,True,True,Eyes,2.024349,0.01880142,-2.078498,-0.8836005,0.1603566,-0.4399271,0.0,0.0,0.0,0.0,0.0,0.0,0.0,2.778198,0.05192503,1.202348,2.117841,0.01731267,-2.163602,-0.009520329,-0.8195877,-0.1075245,0.5626935,349.2242,249.5251,353.8407,0.6952604,0.007211426,-0.7187194,0.0,0.0,0.0,1.24238,0.1690606,-2.450313,0.1043129,-0.0002266541,0.9201589,-0.3665709,-0.1054012,0.9244006,0.1366121,0.9766957,0.1655374,-0.9203058,0.1869656,-0.3436292,static,63.5322,-20.02716,6.467667,-0.01411313
4648,05/05/2023 15:40:53.924434,4855,True,True,True,True,Eyes,2.027849,0.01883693,-2.082687,-0.8864006,0.161172,-0.4339556,0.0,0.0,0.0,0.0,0.0,0.0,0.0,2.779536,0.02808285,1.211207,2.118414,0.01724792,-2.169251,-0.0140451,-0.8180034,-0.1105095,0.5643236,348.6591,249.7939,354.0434,0.6955042,0.007138281,-0.7184836,0.0,0.0,0.0,1.24238,0.1690606,-2.450313,0.1019806,-0.0009920374,0.9223523,-0.3626836,-0.1017483,0.9263414,0.1477041,0.9751808,0.1649422,-0.9201328,0.1966462,-0.3386534,static,63.91499,-20.3751,6.309328,-0.06162453
4649,05/05/2023 15:40:53.944374,4856,True,True,True,True,Eyes,2.031203,0.01889691,-2.086884,-0.8891252,0.1618193,-0.4281016,0.0,0.0,0.0,0.0,0.0,0.0,0.0,2.778221,0.01784155,1.223972,2.118416,0.01762391,-2.174611,-0.01539298,-0.8164582,-0.1097472,0.5666701,348.6587,250.1032,354.1905,0.6957135,0.007072459,-0.7182813,0.0,0.0,0.0,1.24238,0.1690606,-2.450313,0.09925085,-0.002520449,0.9242362,-0.3572964,-0.09924541,0.9287034,0.1495163,0.9754372,0.1617624,-0.921946,0.1966534,-0.3336814,static,64.28982,-20.70622,6.129326,-0.1562488
4650,05/05/2023 15:40:53.964599,4857,True,True,True,True,Eyes,2.034439,0.01896773,-2.09113,-0.8918559,0.1623819,-0.4221673,0.0,0.0,0.0,0.0,0.0,0.0,0.0,2.774266,0.006055266,1.242754,2.118667,0.01838476,-2.179895,-0.01681475,-0.8142906,-0.1090282,0.569878,348.6544,250.5359,354.3292,0.6958888,0.007014088,-0.7181119,0.0,0.0,0.0,1.24238,0.1690606,-2.450313,0.09674898,-0.005485997,0.9262345,-0.3499125,-0.09688132,0.9317591,0.1516497,0.9756603,0.1583965,-0.924426,0.1967259,-0.3267038,static,64.66908,-21.03867,5.963154,-0.3393533
4651,05/05/2023 15:40:53.974547,4858,True,True,True,True,Eyes,2.037585,0.0190417,-2.095401,-0.8945614,0.1623583,-0.4164129,0.0,0.0,0.0,0.0,0.0,0.0,0.0,2.769093,-0.005800247,1.26452,2.119156,0.01874642,-2.185349,-0.01807335,-0.8119096,-0.1073578,0.5735421,348.7517,251.0165,354.512,0.6960309,0.006962804,-0.7179748,0.0,0.0,0.0,1.24238,0.1690606,-2.450313,0.09409904,-0.00662566,0.9280684,-0.3414454,-0.09380058,0.9352092,0.1524963,0.9762953,0.153598,-0.927448,0.1950613,-0.3190474,static,65.03831,-21.30068,5.789568,-0.4090387
4652,05/05/2023 15:40:53.994318,4859,True,True,True,True,Eyes,2.040639,0.01917612,-2.099698,-0.897229,0.1620665,-0.4107487,0.0,0.0,0.0,0.0,0.0,0.0,0.0,2.767208,-0.01179257,1.27963,2.120309,0.01904284,-2.190654,-0.01804292,-0.8105727,-0.1032486,0.5761824,349.1538,251.311,354.758,0.6961409,0.006918009,-0.7178686,0.0,0.0,0.0,1.24238,0.1690606,-2.450313,0.09130138,-0.006885841,0.929635,-0.3353766,-0.08972983,0.9378011,0.1482302,0.9780284,0.146589,-0.9303494,0.188173,-0.3147072,static,65.40184,-21.53238,5.609149,-0.4243843
4653,05/05/2023 15:40:54.014025,4860,True,True,True,True,Eyes,2.043587,0.01935188,-2.10403,-0.8998097,0.161841,-0.4051541,0.8825029,1.249502,0.162177,-2.46158,0.4747666,-0.4588549,-0.7510318,0.02616405,-0.02391734,0.921615,2.121202,0.02070557,-2.19558,-0.01753184,-0.8096394,-0.09949692,0.5781671,349.5495,251.5243,354.9443,0.6962203,0.006881125,-0.7177922,0.0,0.0,0.0,1.24238,0.1690606,-2.450313,0.08832049,-0.008717984,0.9310009,-0.3308309,-0.08666276,0.9397025,0.1434406,0.9795861,0.1408406,-0.932725,0.1813859,-0.3116463,static,65.75956,-21.7745,5.419213,-0.5365076
4654,05/05/2023 15:40:54.024839,4861,True,True,True,True,Eyes,2.046439,0.01955925,-2.108392,-0.9023566,0.1616236,-0.3995376,0.8819793,1.250579,0.1621079,-2.460776,0.5465763,-0.4634628,-0.6974645,0.02601066,-0.02840579,0.9189439,2.121496,0.02184996,-2.200444,-0.02033908,-0.8077335,-0.1000552,0.5806392,349.324,251.8757,355.1353,0.6962695,0.006852769,-0.7177449,0.0,0.0,0.0,1.24238,0.1690606,-2.450313,0.08578333,-0.008844785,0.9322159,-0.3248891,-0.08333477,0.9420734,0.149049,0.9791505,0.1380165,-0.9339333,0.1852552,-0.3056943,static,66.11761,-22.02465,5.257601,-0.5436012
4655,05/05/2023 15:40:54.044317,4862,True,True,True,True,Eyes,2.049232,0.01983109,-2.112813,-0.9048544,0.1612146,-0.3940156,0.8821986,1.250971,0.1620544,-2.460413,0.5728577,-0.4671858,-0.6734771,0.025545,-0.02913328,0.9174456,2.122109,0.02283928,-2.20557,-0.02234526,-0.805872,-0.09863661,0.5833883,349.336,252.2342,355.3849,0.6962895,0.006833158,-0.7177259,0.0,0.0,0.0,1.24238,0.1690606,-2.450313,0.08281809,-0.007315699,0.9333463,-0.3183175,-0.07907204,0.9446805,0.1511017,0.979543,0.132905,-0.9358643,0.1850489,-0.2998578,static,66.46945,-22.25231,5.070714,-0.4490832
4656,05/05/2023 15:40:54.064954,4863,True,True,True,True,Eyes,2.051956,0.02014289,-2.117265,-0.907239,0.1608968,-0.3886254,0.8826057,1.251222,0.1621513,-2.460268,0.5894474,-0.4606114,-0.6636181,0.0275851,-0.02859209,0.9165257,2.123271,0.02467453,-2.210814,-0.02309835,-0.8048502,-0.09681176,0.5850729,349.4632,252.4389,355.5604,0.6962814,0.006823584,-0.7177342,0.0,0.0,0.0,1.24238,0.1690606,-2.450313,0.07938766,-0.006208681,0.9343273,-0.3143126,-0.07610243,0.9462643,0.1504653,0.980188,0.1288095,-0.9373195,0.1828663,-0.2966347,static,66.81161,-22.49029,4.856627,-0.3807295
4657,05/05/2023 15:40:54.074479,4864,True,True,True,True,Eyes,2.054608,0.02048339,-2.121723,-0.9095448,0.1604321,-0.3833927,0.8834188,1.251099,0.1622122,-2.460419,0.5812269,-0.4565009,-0.6736336,0.03122009,-0.03124736,0.9159361,2.124361,0.02594927,-2.216009,-0.02523821,-0.8042305,-0.0964276,0.5858996,349.3579,252.542,355.7754,0.6962461,0.00682438,-0.7177686,0.0,0.0,0.0,1.24238,0.1690606,-2.450313,0.07576418,-0.004023574,0.9353477,-0.3121695,-0.0723991,0.9472638,0.1535884,0.9801295,0.1255259,-0.9375293,0.1846741,-0.294847,static,67.14353,-22.70706,4.63091,-0.2464671
4658,05/05/2023 15:40:54.094362,4865,True,True,True,True,Eyes,2.057195,0.02086055,-2.126203,-0.9118077,0.1599272,-0.3781932,0.8842794,1.250903,0.1622808,-2.460631,0.5681012,-0.4519124,-0.6877763,0.03383188,-0.02972396,0.9156801,2.125449,0.02708369,-2.221073,-0.02607299,-0.8035495,-0.09421267,0.5871562,349.5121,252.6795,355.9917,0.6961852,0.006835456,-0.7178277,0.0,0.0,0.0,1.24238,0.1690606,-2.450313,0.0730513,-0.0009075366,0.9362481,-0.3091357,-0.06873322,0.9485309,0.152537,0.9808884,0.1207912,-0.9387053,0.1820269,-0.2927432,static,67.47265,-22.92212,4.461498,-0.0555387
4659,05/05/2023 15:40:54.114071,4866,True,True,True,True,Eyes,2.059732,0.02125542,-2.130738,-0.9140633,0.1594545,-0.3729109,0.8849568,1.250825,0.1623658,-2.460748,0.562974,-0.4462788,-0.695626,0.03472735,-0.0294456,0.9152918,2.12651,0.02837329,-2.226112,-0.02722756,-0.8022423,-0.09246548,0.5891655,349.6045,252.9332,356.1952,0.6960997,0.006856996,-0.7179105,0.0,0.0,0.0,1.24238,0.1690606,-2.450313,0.07114506,0.001712848,0.9369926,-0.3042852,-0.06526872,0.9503422,0.1526411,0.9814176,0.1162763,-0.9402717,0.1804425,-0.2886681,static,67.80599,-23.15127,4.342089,0.1047381
4660,05/05/2023 15:40:54.124470,4867,True,True,True,True,Eyes,2.062224,0.02164864,-2.135315,-0.9162742,0.1589047,-0.367683,0.8859203,1.250478,0.1624255,-2.461053,0.5399556,-0.442392,-0.7160568,0.03527005,-0.0310191,0.915269,2.127696,0.02920727,-2.231565,-0.02925259,-0.8006018,-0.09154436,0.5914395,349.5613,253.2371,356.4178,0.6959904,0.006888509,-0.7180161,0.0,0.0,0.0,1.24238,0.1690606,-2.450313,0.06904516,0.001656275,0.9375601,-0.2986874,-0.06144654,0.9523709,0.1551252,0.9815278,0.1119789,-0.9416593,0.1811834,-0.283638,static,68.13538,-23.37296,4.211855,0.1012175
4661,05/05/2023 15:40:54.144656,4868,True,True,True,True,Eyes,2.064688,0.02203397,-2.139924,-0.9184395,0.158281,-0.3625134,0.8872733,1.249781,0.1624724,-2.461572,0.4934713,-0.4392668,-0.7506868,0.03696367,-0.0291818,0.9160446,2.129177,0.02960602,-2.237154,-0.0302489,-0.7994521,-0.08928909,0.5932865,349.7084,253.4616,356.6449,0.6958584,0.006928904,-0.7181437,0.0,0.0,0.0,1.24238,0.1690606,-2.450313,0.06597078,0.002735063,0.9382157,-0.2941924,-0.05758291,0.95401,0.1543131,0.9822249,0.1068722,-0.9432064,0.1786572,-0.2800773,static,68.46056,-23.58709,4.022141,0.1670268
4662,05/05/2023 15:40:54.165319,4869,True,True,True,True,Eyes,2.067119,0.02241438,-2.144562,-0.9205766,0.1575255,-0.3573858,0.8894122,1.248347,0.1625195,-2.462425,0.3977374,-0.4359763,-0.8072978,0.03972715,-0.02675669,0.9179482,2.130972,0.02988431,-2.242645,-0.03064141,-0.7987159,-0.08705646,0.5945884,349.892,253.6114,356.822,0.6957049,0.006976983,-0.7182918,0.0,0.0,0.0,1.24238,0.1690606,-2.450313,0.06268355,0.00474219,0.9386481,-0.2910517,-0.05457794,0.9551494,0.1524731,0.9829646,0.1026287,-0.9444792,0.1755048,-0.2777719,static,68.78282,-23.78653,3.820578,0.2894644
4663,05/05/2023 15:40:54.173903,4870,True,True,True,True,Eyes,2.069537,0.02279596,-2.149251,-0.9227294,0.1566779,-0.3521682,0.0,0.0,0.0,0.0,0.0,0.0,0.0,2.763141,-0.123654,1.397342,2.132671,0.03018793,-2.248022,-0.0300164,-0.7975217,-0.08512425,0.5965001,350.1199,253.8588,356.8768,0.6955312,0.007031774,-0.7184593,0.0,0.0,0.0,1.24238,0.1690606,-2.450313,0.05947319,0.002253033,0.938741,-0.2865736,-0.05367579,0.9565536,0.1494307,0.9837058,0.09996727,-0.9463332,0.1715864,-0.2738833,static,69.11018,-23.98405,3.625084,0.137513
4664,05/05/2023 15:40:54.194159,4871,True,True,True,True,Eyes,2.071923,0.02317656,-2.153991,-0.9248885,0.1558712,-0.3468218,0.0,0.0,0.0,0.0,0.0,0.0,0.0,2.759191,-0.1256822,1.416771,2.134654,0.03063499,-2.25355,-0.0297443,-0.7955663,-0.0835916,0.5993347,350.2902,254.2458,356.9252,0.6953383,0.007092599,-0.7186452,0.0,0.0,0.0,1.24238,0.1690606,-2.450313,0.05572075,-0.003333118,0.9385426,-0.2798264,-0.05287155,0.9585935,0.1475258,0.9842554,0.09735174,-0.948648,0.1686589,-0.2676209,static,69.44457,-24.20045,3.39763,-0.203478
4665,05/05/2023 15:40:54.214053,4872,True,True,True,True,Eyes,2.07429,0.02354107,-2.158785,-0.9270474,0.1551621,-0.3413323,0.0,0.0,0.0,0.0,0.0,0.0,0.0,2.752783,-0.1342387,1.440463,2.136361,0.03099956,-2.259594,-0.03066201,-0.7929076,-0.08307815,0.6028728,350.2868,254.7485,357.0023,0.6951268,0.00715878,-0.7188488,0.0,0.0,0.0,1.24238,0.1690606,-2.450313,0.0523375,-0.004412372,0.9386775,-0.2712088,-0.05154683,0.9611393,0.1487954,0.9843157,0.09477603,-0.95095,0.1687172,-0.2592851,static,69.78664,-24.44548,3.191315,-0.269324
4666,05/05/2023 15:40:54.229504,4873,True,True,True,True,Eyes,2.076626,0.02387827,-2.163635,-0.9291793,0.1544995,-0.3357913,0.0,0.0,0.0,0.0,0.0,0.0,0.0,2.747573,-0.1472469,1.461616,2.138343,0.0310026,-2.265765,-0.03235378,-0.7904911,-0.08230796,0.606055,350.2503,255.1946,357.1726,0.6948974,0.007229195,-0.7190694,0.0,0.0,0.0,1.24238,0.1690606,-2.450313,0.04946372,0.003548577,0.9390354,-0.2633015,-0.04861553,0.963488,0.150917,0.9843573,0.09091106,-0.9528361,0.1693438,-0.2518458,static,70.13091,-24.70744,3.01527,0.2165174
4667,05/05/2023 15:40:54.245273,4874,True,True,True,True,Eyes,2.078943,0.02417687,-2.168545,-0.9313037,0.153833,-0.3301647,0.0,0.0,0.0,0.0,0.0,0.0,0.0,2.743428,-0.1599014,1.480038,2.139976,0.03070164,-2.272012,-0.03404101,-0.7883493,-0.08129238,0.6088828,350.2338,255.5867,357.3641,0.6946506,0.007302472,-0.7193066,0.0,0.0,0.0,1.24238,0.1690606,-2.450313,0.04555556,-0.004727967,0.9381487,-0.2562061,-0.04532266,0.9655592,0.1526675,0.9844655,0.08671962,-0.9544901,0.1696275,-0.2453068,static,70.47962,-24.98214,2.780042,-0.2887498
4668,05/05/2023 15:40:54.265680,4875,True,True,True,True,Eyes,2.081238,0.02444576,-2.173512,-0.9334165,0.1529991,-0.3245383,0.0,0.0,0.0,0.0,0.0,0.0,0.0,2.740459,-0.1661015,1.497131,2.14184,0.03012207,-2.278314,-0.03464535,-0.7865298,-0.07961892,0.6114176,350.3511,255.9305,357.5082,0.6943869,0.007376995,-0.7195599,0.0,0.0,0.0,1.24238,0.1690606,-2.450313,0.04337433,-0.01256336,0.9378414,-0.2499366,-0.04286161,0.9673131,0.15186,0.9849211,0.08287977,-0.9562795,0.1676109,-0.2396588,static,70.82802,-25.24088,2.647992,-0.7674903
4669,05/05/2023 15:40:54.279571,4876,True,True,True,True,Eyes,2.083524,0.02470011,-2.178546,-0.9355505,0.1519281,-0.3188467,0.0,0.0,0.0,0.0,0.0,0.0,0.0,2.737879,-0.1607319,1.514696,2.143653,0.02972147,-2.284729,-0.03331203,-0.7848501,-0.07764632,0.6138989,350.6316,256.269,357.4996,0.6941068,0.007451617,-0.7198288,0.0,0.0,0.0,1.24238,0.1690606,-2.450313,0.04209992,-0.01198251,0.9373478,-0.2440371,-0.04304407,0.9688102,0.1476239,0.9857227,0.080981,-0.958464,0.1627819,-0.2341986,static,71.18028,-25.47745,2.571647,-0.7323962
4670,05/05/2023 15:40:54.294059,4877,True,True,True,True,Eyes,2.085801,0.02491514,-2.18365,-0.9376718,0.1508148,-0.3130921,0.0,0.0,0.0,0.0,0.0,0.0,0.0,2.73507,-0.1473542,1.534029,2.145779,0.02968434,-2.291358,-0.03065312,-0.7830887,-0.07588153,0.6165017,350.9881,256.6329,357.3564,0.6938108,0.007525808,-0.7201126,0.0,0.0,0.0,1.24238,0.1690606,-2.450313,0.04142749,-0.01536168,0.9366431,-0.2379719,-0.04555395,0.970203,0.1415704,0.9866048,0.08104854,-0.9608991,0.1566393,-0.2283352,static,71.53564,-25.71987,2.532528,-0.9396116
4671,05/05/2023 15:40:54.314125,4878,True,True,True,True,Eyes,2.088073,0.02508316,-2.188812,-0.9397998,0.1495196,-0.3072786,0.0,0.0,0.0,0.0,0.0,0.0,0.0,2.730477,-0.1426487,1.555381,2.14779,0.0288303,-2.298093,-0.02970755,-0.780833,-0.07546415,0.6194533,351.1032,257.0642,357.2675,0.6934993,0.007598272,-0.7204111,0.0,0.0,0.0,1.24238,0.1690606,-2.450313,0.03984311,-0.01446745,0.9360089,-0.23079,-0.04709979,0.971863,0.1398863,0.9868452,0.08104491,-0.9628955,0.1546547,-0.2211653,static,71.89423,-25.94723,2.437439,-0.8855233
4672,05/05/2023 15:40:54.324907,4879,True,True,True,True,Eyes,2.090345,0.02520805,-2.194051,-0.9419417,0.1480214,-0.3013892,0.0,0.0,0.0,0.0,0.0,0.0,0.0,2.724831,-0.131194,1.579893,2.150146,0.02793856,-2.305226,-0.02741117,-0.7784563,-0.0734131,0.6227882,351.4634,257.5327,357.1735,0.6931748,0.007667349,-0.7207231,0.0,0.0,0.0,1.24238,0.1690606,-2.450313,0.03971723,-0.01094607,0.9341447,-0.2227672,-0.04876484,0.9736514,0.1341184,0.9877183,0.08015507,-0.965602,0.1484405,-0.213491,static,72.2571,-26.15705,2.43459,-0.6713464
